shape_id,shape_pt_lat,shape_pt_lon,shape_pt_sequence,shape_dist_traveled

metro_green,-98.17497,26.30452,0
metro_green,-98.17495,26.30422,0
metro_green,-98.17494,26.30406,0
metro_green,-98.17494,26.304,0
metro_green,-98.17494,26.30396,0
metro_green,-98.17495,26.30391,0
metro_green,-98.17496,26.30387,0
metro_green,-98.17499,26.30369,0
metro_green,-98.17521,26.30372,0
metro_green,-98.17525,26.30372,0
metro_green,-98.17531,26.30372,0
metro_green,-98.17537,26.30372,0
metro_green,-98.17542,26.30371,0
metro_green,-98.17546,26.3037,0
metro_green,-98.17549,26.3037,0
metro_green,-98.17554,26.3037,0
metro_green,-98.17596,26.30376,0
metro_green,-98.176,26.30378,0
metro_green,-98.17606,26.3038,0
metro_green,-98.1761,26.30382,0
metro_green,-98.17616,26.30385,0
metro_green,-98.17621,26.30386,0
metro_green,-98.17627,26.30387,0
metro_green,-98.17672,26.30393,0
metro_green,-98.17673,26.30388,0
metro_green,-98.17677,26.30368,0
metro_green,-98.1768,26.3036,0
metro_green,-98.17827,26.30382,0
metro_green,-98.17871,26.30388,0
metro_green,-98.17904,26.30393,0
metro_green,-98.17915,26.30395,0
metro_green,-98.17956,26.304,0
metro_green,-98.18002,26.30407,0
metro_green,-98.18043,26.30413,0
metro_green,-98.1806,26.30415,0
metro_green,-98.18074,26.30417,0
metro_green,-98.18091,26.3042,0
metro_green,-98.18115,26.30424,0
metro_green,-98.18142,26.30428,0
metro_green,-98.18168,26.30431,0
metro_green,-98.18195,26.30435,0
metro_green,-98.18226,26.30439,0
metro_green,-98.18326,26.30454,0
metro_green,-98.18477,26.30474,0
metro_green,-98.18509,26.30479,0
metro_green,-98.1862,26.30497,0
metro_green,-98.18804,26.30521,0
metro_green,-98.18874,26.3053,0
metro_green,-98.1892,26.30536,0
metro_green,-98.18931,26.30538,0
metro_green,-98.18943,26.30541,0
metro_green,-98.19031,26.30554,0
metro_green,-98.1907,26.3056,0
metro_green,-98.19145,26.3057,0
metro_green,-98.1923,26.30583,0
metro_green,-98.19419,26.30609,0
metro_green,-98.19466,26.30616,0
metro_green,-98.19742,26.30656,0
metro_green,-98.19843,26.30669,0
metro_green,-98.1998,26.30689,0
metro_green,-98.20015,26.30694,0
metro_green,-98.20048,26.30699,0
metro_green,-98.20098,26.30706,0
metro_green,-98.2016,26.30714,0
metro_green,-98.20215,26.30722,0
metro_green,-98.20415,26.30751,0
metro_green,-98.20602,26.30778,0
metro_green,-98.20623,26.30781,0
metro_green,-98.20794,26.30806,0
metro_green,-98.20815,26.30809,0
metro_green,-98.21013,26.30839,0
metro_green,-98.21024,26.3084,0
metro_green,-98.21066,26.30846,0
metro_green,-98.21206,26.30865,0
metro_green,-98.21218,26.30867,0
metro_green,-98.21377,26.3089,0
metro_green,-98.21549,26.30916,0
metro_green,-98.21659,26.30932,0
metro_green,-98.21687,26.30937,0
metro_green,-98.21813,26.30955,0
metro_green,-98.22,26.30981,0
metro_green,-98.22032,26.30986,0
metro_green,-98.2214,26.31002,0
metro_green,-98.22163,26.31005,0
metro_green,-98.22208,26.31012,0
metro_green,-98.2227,26.3102,0
metro_green,-98.2233,26.31029,0
metro_green,-98.22404,26.31039,0
metro_green,-98.22578,26.31062,0
metro_green,-98.22582,26.31047,0
metro_green,-98.2265,26.30692,0
metro_green,-98.22718,26.30322,0
metro_green,-98.22761,26.30094,0
metro_green,-98.22825,26.29751,0
metro_green,-98.22852,26.29606,0
metro_green,-98.22912,26.29275,0
metro_green,-98.22933,26.29164,0
metro_green,-98.2295,26.29075,0
metro_green,-98.22956,26.29051,0
metro_green,-98.22962,26.29027,0
metro_green,-98.22966,26.29017,0
metro_green,-98.22977,26.28987,0
metro_green,-98.22986,26.28967,0
metro_green,-98.22999,26.28941,0
metro_green,-98.2301,26.2892,0
metro_green,-98.23027,26.28894,0
metro_green,-98.23068,26.28834,0
metro_green,-98.23094,26.28795,0
metro_green,-98.23117,26.28756,0
metro_green,-98.23128,26.28734,0
metro_green,-98.23141,26.28709,0
metro_green,-98.23149,26.28687,0
metro_green,-98.23155,26.2867,0
metro_green,-98.23163,26.28643,0
metro_green,-98.23169,26.28616,0
metro_green,-98.23175,26.2858,0
metro_green,-98.23192,26.28485,0
metro_green,-98.23198,26.28449,0
metro_green,-98.23234,26.28237,0
metro_green,-98.23241,26.28195,0
metro_green,-98.2326,26.28079,0
metro_green,-98.23272,26.28015,0
metro_green,-98.23277,26.27978,0
metro_green,-98.23287,26.27924,0
metro_green,-98.23296,26.2787,0
metro_green,-98.23308,26.27799,0
metro_green,-98.23312,26.27778,0
metro_green,-98.23316,26.27749,0
metro_green,-98.23319,26.27737,0
metro_green,-98.23343,26.27606,0
metro_green,-98.23354,26.27529,0
metro_green,-98.23372,26.27419,0
metro_green,-98.23395,26.27284,0
metro_green,-98.23405,26.27232,0
metro_green,-98.2344,26.27021,0
metro_green,-98.23449,26.26966,0
metro_green,-98.23458,26.26918,0
metro_green,-98.2347,26.26848,0
metro_green,-98.23495,26.26698,0
metro_green,-98.23509,26.26615,0
metro_green,-98.23516,26.26569,0
metro_green,-98.23528,26.26502,0
metro_green,-98.23548,26.26385,0
metro_green,-98.23558,26.26328,0
metro_green,-98.23565,26.26285,0
metro_green,-98.23579,26.2621,0
metro_green,-98.23587,26.26167,0
metro_green,-98.23597,26.26105,0
metro_green,-98.23621,26.25956,0
metro_green,-98.23638,26.25855,0
metro_green,-98.23651,26.25773,0
metro_green,-98.23662,26.25714,0
metro_green,-98.23699,26.25494,0
metro_green,-98.23707,26.25447,0
metro_green,-98.23725,26.25343,0
metro_green,-98.23747,26.25211,0
metro_green,-98.23772,26.25074,0
metro_green,-98.23787,26.24976,0
metro_green,-98.23809,26.24847,0
metro_green,-98.2383,26.24729,0
metro_green,-98.23853,26.24588,0
metro_green,-98.23866,26.24512,0
metro_green,-98.23873,26.24469,0
metro_green,-98.23882,26.2442,0
metro_green,-98.2389,26.2437,0
metro_green,-98.23898,26.24321,0
metro_green,-98.23902,26.24295,0
metro_green,-98.23909,26.24257,0
metro_green,-98.23914,26.2423,0
metro_green,-98.23971,26.24237,0
metro_green,-98.24005,26.24242,0
metro_green,-98.24077,26.24252,0
metro_green,-98.24148,26.24261,0
metro_green,-98.24156,26.24213,0
metro_green,-98.24162,26.24174,0
metro_green,-98.24165,26.2415,0
metro_green,-98.24169,26.24127,0
metro_green,-98.24171,26.24113,0
metro_green,-98.2417,26.24109,0
metro_green,-98.24169,26.24107,0
metro_green,-98.24168,26.24105,0
metro_green,-98.24166,26.24104,0
metro_green,-98.24164,26.24103,0
metro_green,-98.24105,26.24096,0
metro_green,-98.24111,26.24066,0
metro_green,-98.24099,26.24065,0
metro_green,-98.24038,26.24065,0
metro_green,-98.24032,26.24064,0
metro_green,-98.23943,26.24063,0
metro_green,-98.23913,26.24064,0
metro_green,-98.23885,26.24065,0
metro_green,-98.2385,26.24067,0
metro_green,-98.23829,26.24067,0
metro_green,-98.23806,26.24068,0
metro_green,-98.23754,26.24071,0
metro_green,-98.23723,26.24072,0
metro_green,-98.23698,26.24073,0
metro_green,-98.2365,26.24075,0
metro_green,-98.23617,26.24077,0
metro_green,-98.23587,26.24077,0
metro_green,-98.23555,26.24078,0
metro_green,-98.23546,26.24078,0
metro_green,-98.23539,26.24078,0
metro_green,-98.23513,26.24078,0
metro_green,-98.23449,26.24075,0
metro_green,-98.2342,26.24072,0
metro_green,-98.23339,26.24064,0
metro_green,-98.23351,26.2399,0
metro_green,-98.23378,26.23829,0
metro_green,-98.23401,26.23702,0
metro_green,-98.2343,26.23527,0
metro_green,-98.23437,26.23489,0
metro_green,-98.23469,26.23306,0
metro_green,-98.23495,26.23152,0
metro_green,-98.23502,26.23107,0
metro_green,-98.2351,26.23065,0
metro_green,-98.23516,26.23021,0
metro_green,-98.23522,26.22991,0
metro_green,-98.2353,26.22938,0
metro_green,-98.23537,26.22896,0
metro_green,-98.23544,26.22857,0
metro_green,-98.23552,26.22811,0
metro_green,-98.23573,26.22689,0
metro_green,-98.23583,26.22627,0
metro_green,-98.2361,26.22476,0
metro_green,-98.23643,26.22276,0
metro_green,-98.23645,26.22266,0
metro_green,-98.23674,26.22097,0
metro_green,-98.2368,26.22059,0
metro_green,-98.23685,26.22035,0
metro_green,-98.23689,26.22013,0
metro_green,-98.23689,26.2201,0
metro_green,-98.23689,26.22003,0
metro_green,-98.23689,26.21993,0
metro_green,-98.23688,26.21983,0
metro_green,-98.23686,26.21973,0
metro_green,-98.23684,26.21964,0
metro_green,-98.2368,26.21952,0
metro_green,-98.23663,26.21924,0
metro_green,-98.23658,26.21914,0
metro_green,-98.23655,26.21907,0
metro_green,-98.23652,26.21897,0
metro_green,-98.23651,26.21889,0
metro_green,-98.2365,26.21883,0
metro_green,-98.2365,26.21875,0
metro_green,-98.23651,26.21862,0
metro_green,-98.23652,26.21853,0
metro_green,-98.23653,26.21844,0
metro_green,-98.23658,26.21826,0
metro_green,-98.23683,26.21678,0
metro_green,-98.23701,26.21576,0
metro_green,-98.23718,26.21474,0
metro_green,-98.23734,26.21379,0
metro_green,-98.2375,26.21284,0
metro_green,-98.23766,26.21188,0
metro_green,-98.23783,26.21093,0
metro_green,-98.23799,26.20999,0
metro_green,-98.23816,26.20902,0
metro_green,-98.23831,26.20809,0
metro_green,-98.23849,26.20711,0
metro_green,-98.23864,26.20617,0
metro_green,-98.2387,26.20575,0
metro_green,-98.23878,26.20529,0
metro_green,-98.23886,26.20522,0
metro_green,-98.23889,26.20511,0
metro_green,-98.23891,26.20502,0
metro_green,-98.23877,26.205,0
metro_green,-98.23863,26.205,0
metro_green,-98.2384,26.20496,0
metro_green,-98.23808,26.2049,0
metro_green,-98.23769,26.20483,0
metro_green,-98.23785,26.20382,0
metro_green,-98.23676,26.20364,0
metro_green,-98.23613,26.20356,0

          metro_blue,-97.49398,25.90072,0
          metro_blue,-97.49398,25.90071,0
          metro_blue,-97.49394,25.90069,0
          metro_blue,-97.49389,25.90066,0
          metro_blue,-97.49387,25.90065,0
          metro_blue,-97.49383,25.90065,0
          metro_blue,-97.49379,25.90067,0
          metro_blue,-97.49369,25.90072,0
          metro_blue,-97.49362,25.90065,0
          metro_blue,-97.49362,25.90064,0
          metro_blue,-97.49356,25.90057,0
          metro_blue,-97.49356,25.90054,0
          metro_blue,-97.49356,25.90052,0
          metro_blue,-97.49355,25.90049,0
          metro_blue,-97.4935,25.90035,0
          metro_blue,-97.49341,25.90039,0
          metro_blue,-97.49323,25.90046,0
          metro_blue,-97.49307,25.90052,0
          metro_blue,-97.4926,25.90072,0
          metro_blue,-97.49247,25.90077,0
          metro_blue,-97.49238,25.9008,0
          metro_blue,-97.49233,25.90082,0
          metro_blue,-97.49153,25.90113,0
          metro_blue,-97.49135,25.90118,0
          metro_blue,-97.49123,25.9012,0
          metro_blue,-97.49095,25.90123,0
          metro_blue,-97.49027,25.90128,0
          metro_blue,-97.49012,25.90129,0
          metro_blue,-97.48991,25.9013,0
          metro_blue,-97.48957,25.90132,0
          metro_blue,-97.48934,25.90134,0
          metro_blue,-97.48924,25.90136,0
          metro_blue,-97.48905,25.9014,0
          metro_blue,-97.489,25.90142,0
          metro_blue,-97.48879,25.90149,0
          metro_blue,-97.48866,25.90155,0
          metro_blue,-97.48851,25.90163,0
          metro_blue,-97.48841,25.9017,0
          metro_blue,-97.48821,25.90186,0
          metro_blue,-97.48798,25.90205,0
          metro_blue,-97.48784,25.90217,0
          metro_blue,-97.4875,25.90247,0
          metro_blue,-97.4868,25.90308,0
          metro_blue,-97.48609,25.9037,0
          metro_blue,-97.48538,25.9043,0
          metro_blue,-97.48522,25.90447,0
          metro_blue,-97.48519,25.9045,0
          metro_blue,-97.48513,25.90456,0
          metro_blue,-97.48512,25.90457,0
          metro_blue,-97.48494,25.90463,0
          metro_blue,-97.48488,25.90466,0
          metro_blue,-97.48454,25.90482,0
          metro_blue,-97.48421,25.90497,0
          metro_blue,-97.48406,25.90504,0
          metro_blue,-97.48399,25.90507,0
          metro_blue,-97.48362,25.90525,0
          metro_blue,-97.48327,25.90543,0
          metro_blue,-97.48279,25.90576,0
          metro_blue,-97.48271,25.90588,0
          metro_blue,-97.48266,25.90592,0
          metro_blue,-97.48248,25.90603,0
          metro_blue,-97.48204,25.90628,0
          metro_blue,-97.48177,25.90644,0
          metro_blue,-97.48144,25.90663,0
          metro_blue,-97.48142,25.90664,0
          metro_blue,-97.48098,25.9069,0
          metro_blue,-97.48085,25.90699,0
          metro_blue,-97.48081,25.90701,0
          metro_blue,-97.48026,25.90733,0
          metro_blue,-97.48017,25.90738,0
          metro_blue,-97.47961,25.90771,0
          metro_blue,-97.47931,25.90789,0
          metro_blue,-97.47899,25.90809,0
          metro_blue,-97.4784,25.90844,0
          metro_blue,-97.47775,25.90883,0
          metro_blue,-97.47702,25.90926,0
          metro_blue,-97.47652,25.90955,0
          metro_blue,-97.47622,25.90973,0
          metro_blue,-97.47556,25.91012,0
          metro_blue,-97.47494,25.91049,0
          metro_blue,-97.4747,25.91064,0
          metro_blue,-97.47458,25.91072,0
          metro_blue,-97.47456,25.91074,0
          metro_blue,-97.47439,25.91093,0
          metro_blue,-97.47416,25.91125,0
          metro_blue,-97.47401,25.91148,0
          metro_blue,-97.47393,25.91161,0
          metro_blue,-97.47384,25.91178,0
          metro_blue,-97.47369,25.9121,0
          metro_blue,-97.47351,25.91245,0
          metro_blue,-97.47334,25.91275,0
          metro_blue,-97.47328,25.91286,0
          metro_blue,-97.47322,25.91296,0
          metro_blue,-97.47299,25.91332,0
          metro_blue,-97.4728,25.91358,0
          metro_blue,-97.47239,25.91417,0
          metro_blue,-97.47209,25.91457,0
          metro_blue,-97.47182,25.91494,0
          metro_blue,-97.47155,25.91531,0
          metro_blue,-97.4712,25.91579,0
          metro_blue,-97.47092,25.91617,0
          metro_blue,-97.47071,25.91647,0
          metro_blue,-97.47058,25.91665,0
          metro_blue,-97.47025,25.91713,0
          metro_blue,-97.47003,25.91748,0
          metro_blue,-97.46993,25.91765,0
          metro_blue,-97.46983,25.91782,0
          metro_blue,-97.46956,25.91831,0
          metro_blue,-97.46933,25.91872,0
          metro_blue,-97.46921,25.9189,0
          metro_blue,-97.46911,25.91902,0
          metro_blue,-97.46894,25.91915,0
          metro_blue,-97.46884,25.91922,0
          metro_blue,-97.4686,25.91936,0
          metro_blue,-97.46831,25.91954,0
          metro_blue,-97.46812,25.91965,0
          metro_blue,-97.46798,25.91974,0
          metro_blue,-97.46787,25.91981,0
          metro_blue,-97.46744,25.92006,0
          metro_blue,-97.46737,25.92011,0
          metro_blue,-97.46715,25.92024,0
          metro_blue,-97.46713,25.92025,0
          metro_blue,-97.4671,25.92027,0
          metro_blue,-97.46698,25.92034,0
          metro_blue,-97.46689,25.92039,0
          metro_blue,-97.46652,25.92046,0
          metro_blue,-97.4664,25.92048,0
          metro_blue,-97.46628,25.92049,0
          metro_blue,-97.46603,25.92047,0
          metro_blue,-97.46593,25.92044,0
          metro_blue,-97.46581,25.92041,0
          metro_blue,-97.4653,25.92025,0
          metro_blue,-97.46519,25.92021,0
          metro_blue,-97.46508,25.92018,0
          metro_blue,-97.46465,25.92004,0
          metro_blue,-97.46407,25.91986,0
          metro_blue,-97.46366,25.91973,0
          metro_blue,-97.46155,25.91906,0
          metro_blue,-97.4609,25.91884,0
          metro_blue,-97.4603,25.91866,0
          metro_blue,-97.4598,25.91844,0
          metro_blue,-97.45768,25.9174,0
          metro_blue,-97.45703,25.91708,0
          metro_blue,-97.45656,25.91685,0
          metro_blue,-97.45641,25.9167,0
          metro_blue,-97.45637,25.91666,0
          metro_blue,-97.45629,25.91659,0
          metro_blue,-97.45605,25.9164,0
          metro_blue,-97.45578,25.91612,0
          metro_blue,-97.4556,25.91591,0
          metro_blue,-97.45544,25.9157,0
          metro_blue,-97.45523,25.9153,0
          metro_blue,-97.45521,25.91524,0
          metro_blue,-97.45518,25.9152,0
          metro_blue,-97.45516,25.91518,0
          metro_blue,-97.45512,25.91515,0
          metro_blue,-97.45506,25.91509,0
          metro_blue,-97.45402,25.91301,0
          metro_blue,-97.4536,25.91215,0
          metro_blue,-97.45317,25.91128,0
          metro_blue,-97.45293,25.91078,0
          metro_blue,-97.45289,25.91071,0
          metro_blue,-97.45279,25.91051,0
          metro_blue,-97.45271,25.91036,0
          metro_blue,-97.45263,25.91025,0
          metro_blue,-97.45256,25.91017,0
          metro_blue,-97.45249,25.9101,0
          metro_blue,-97.45237,25.90998,0
          metro_blue,-97.45226,25.90991,0
          metro_blue,-97.45219,25.90985,0
          metro_blue,-97.45213,25.90982,0
          metro_blue,-97.45202,25.90976,0
          metro_blue,-97.4519,25.90971,0
          metro_blue,-97.45177,25.90967,0
          metro_blue,-97.45156,25.90962,0
          metro_blue,-97.45138,25.9096,0
          metro_blue,-97.45125,25.90959,0
          metro_blue,-97.45028,25.90956,0
          metro_blue,-97.44767,25.90947,0
          metro_blue,-97.44376,25.90934,0
          metro_blue,-97.44265,25.9093,0
          metro_blue,-97.44251,25.90929,0
          metro_blue,-97.44239,25.90928,0
          metro_blue,-97.44229,25.90927,0
          metro_blue,-97.44216,25.90924,0
          metro_blue,-97.4421,25.90922,0
          metro_blue,-97.44203,25.9092,0
          metro_blue,-97.44192,25.90916,0
          metro_blue,-97.44175,25.90908,0
          metro_blue,-97.4412,25.90878,0
          metro_blue,-97.4403,25.90827,0
          metro_blue,-97.43789,25.9069,0
          metro_blue,-97.43754,25.90669,0
          metro_blue,-97.43741,25.90662,0
          metro_blue,-97.43719,25.90651,0
          metro_blue,-97.43703,25.90646,0
          metro_blue,-97.43694,25.90643,0
          metro_blue,-97.43684,25.90642,0
          metro_blue,-97.43663,25.90639,0
          metro_blue,-97.43527,25.90637,0
          metro_blue,-97.43468,25.90635,0
          metro_blue,-97.43405,25.90633,0
          metro_blue,-97.43386,25.90627,0
          metro_blue,-97.43376,25.90626,0
          metro_blue,-97.43367,25.90625,0
          metro_blue,-97.43359,25.90622,0
          metro_blue,-97.4335,25.90617,0
          metro_blue,-97.43349,25.90616,0
          metro_blue,-97.43332,25.90593,0
          metro_blue,-97.43322,25.90581,0
          metro_blue,-97.43312,25.90573,0
          metro_blue,-97.433,25.9057,0
          metro_blue,-97.43287,25.90568,0
          metro_blue,-97.43269,25.90568,0
          metro_blue,-97.43247,25.90568,0
          metro_blue,-97.43232,25.90567,0
          metro_blue,-97.43211,25.90566,0
          metro_blue,-97.43209,25.9061,0
          metro_blue,-97.43208,25.90634,0
          metro_blue,-97.43207,25.90658,0
          metro_blue,-97.43206,25.90678,0
          metro_blue,-97.43206,25.90679,0
          metro_blue,-97.43206,25.90681,0
          metro_blue,-97.43207,25.90682,0
          metro_blue,-97.43208,25.90683,0
          metro_blue,-97.43209,25.90683,0
          metro_blue,-97.43211,25.90684,0
          metro_blue,-97.43213,25.90684,0
          metro_blue,-97.43216,25.90685,0
          metro_blue,-97.43227,25.90685,0
          metro_blue,-97.43242,25.90685,0
          metro_blue,-97.43238,25.9076,0
          metro_blue,-97.43232,25.90895,0
          metro_blue,-97.43372,25.90899,0
          metro_blue,-97.43437,25.90901,0
          metro_blue,-97.43517,25.90903,0
          metro_blue,-97.4373,25.90912,0
          metro_blue,-97.43779,25.90915,0
          metro_blue,-97.43774,25.91006,0
          metro_blue,-97.43769,25.91122,0
          metro_blue,-97.43753,25.91477,0
          metro_blue,-97.4375,25.91572,0
          metro_blue,-97.43727,25.91578,0
          metro_blue,-97.43701,25.91585,0
          metro_blue,-97.43676,25.91591,0
          metro_blue,-97.43656,25.91594,0
          metro_blue,-97.43641,25.91597,0
          metro_blue,-97.43607,25.91599,0
          metro_blue,-97.43585,25.91599,0
          metro_blue,-97.43516,25.91596,0
          metro_blue,-97.43474,25.91595,0
          metro_blue,-97.43441,25.91593,0
          metro_blue,-97.43434,25.91593,0
          metro_blue,-97.434,25.91593,0
          metro_blue,-97.43376,25.91593,0
          metro_blue,-97.43354,25.91592,0
          metro_blue,-97.43307,25.91598,0
          metro_blue,-97.43301,25.91599,0
          metro_blue,-97.4326,25.91607,0
          metro_blue,-97.43235,25.91615,0
          metro_blue,-97.43189,25.91632,0
          metro_blue,-97.4319,25.91695,0
          metro_blue,-97.43184,25.9183,0
          metro_blue,-97.43181,25.91888,0
          metro_blue,-97.4318,25.91948,0
          metro_blue,-97.43172,25.92124,0
          metro_blue,-97.43171,25.92243,0
          metro_blue,-97.4317,25.92287,0
          metro_blue,-97.43169,25.92382,0
          metro_blue,-97.43169,25.92407,0
          metro_blue,-97.43169,25.92427,0
          metro_blue,-97.43169,25.92453,0
          metro_blue,-97.43168,25.925,0
          metro_blue,-97.43162,25.92666,0
          metro_blue,-97.43155,25.92851,0
          metro_blue,-97.43153,25.92916,0
          metro_blue,-97.4315,25.92985,0
          metro_blue,-97.43143,25.93195,0
          metro_blue,-97.43138,25.9327,0
          metro_blue,-97.43129,25.93472,0
          metro_blue,-97.43113,25.9386,0
          metro_blue,-97.43107,25.94064,0
          metro_blue,-97.43104,25.94126,0
          metro_blue,-97.43104,25.94131,0
          metro_blue,-97.43105,25.94164,0
          metro_blue,-97.43084,25.94177,0
          metro_blue,-97.43026,25.94211,0
          metro_blue,-97.42985,25.94235,0
          metro_blue,-97.42944,25.94261,0
          metro_blue,-97.42911,25.9428,0
          metro_blue,-97.42899,25.94285,0
          metro_blue,-97.42888,25.94288,0
          metro_blue,-97.42838,25.94318,0
          metro_blue,-97.42816,25.94331,0
          metro_blue,-97.42802,25.9434,0
          metro_blue,-97.42777,25.94356,0
          metro_blue,-97.42761,25.94365,0
          metro_blue,-97.42745,25.94375,0
          metro_blue,-97.42709,25.94399,0
          metro_blue,-97.42677,25.94418,0
          metro_blue,-97.4263,25.94447,0
          metro_blue,-97.42566,25.94485,0
          metro_blue,-97.4242,25.9457,0
          metro_blue,-97.42221,25.94689,0
          metro_blue,-97.42167,25.94722,0
          metro_blue,-97.42045,25.94794,0
          metro_blue,-97.41909,25.94876,0
          metro_blue,-97.41895,25.94885,0
          metro_blue,-97.41883,25.94887,0
          metro_blue,-97.4187,25.94896,0
          metro_blue,-97.41862,25.94902,0
          metro_blue,-97.41855,25.94907,0
          metro_blue,-97.41785,25.94961,0
          metro_blue,-97.41715,25.95014,0
          metro_blue,-97.41685,25.95038,0
          metro_blue,-97.41657,25.95063,0
          metro_blue,-97.4164,25.9508,0
          metro_blue,-97.41624,25.95097,0
          metro_blue,-97.41607,25.95117,0
          metro_blue,-97.4159,25.95137,0
          metro_blue,-97.41569,25.95164,0
          metro_blue,-97.4155,25.95192,0
          metro_blue,-97.41528,25.95224,0
          metro_blue,-97.41518,25.95239,0
          metro_blue,-97.41501,25.95264,0
          metro_blue,-97.41495,25.95272,0
          metro_blue,-97.41415,25.95391,0
          metro_blue,-97.41383,25.95438,0
          metro_blue,-97.41371,25.95456,0
          metro_blue,-97.41354,25.95481,0
          metro_blue,-97.41318,25.9553,0
          metro_blue,-97.41304,25.9555,0
          metro_blue,-97.41285,25.95577,0
          metro_blue,-97.41271,25.95597,0
          metro_blue,-97.41248,25.95629,0
          metro_blue,-97.41223,25.95663,0
          metro_blue,-97.41197,25.95696,0
          metro_blue,-97.41171,25.95726,0
          metro_blue,-97.41114,25.95788,0
          metro_blue,-97.41074,25.95828,0
          metro_blue,-97.41029,25.9587,0
          metro_blue,-97.40989,25.95905,0
          metro_blue,-97.40966,25.95924,0
          metro_blue,-97.40945,25.95941,0
          metro_blue,-97.40925,25.95957,0
          metro_blue,-97.40903,25.95974,0
          metro_blue,-97.40875,25.95994,0
          metro_blue,-97.40853,25.96009,0
          metro_blue,-97.40831,25.96025,0
          metro_blue,-97.40804,25.96042,0
          metro_blue,-97.40772,25.96061,0
          metro_blue,-97.40715,25.96094,0
          metro_blue,-97.40647,25.9613,0
          metro_blue,-97.40611,25.96147,0
          metro_blue,-97.40593,25.96156,0
          metro_blue,-97.40578,25.96163,0
          metro_blue,-97.40527,25.96185,0
          metro_blue,-97.40484,25.96202,0
          metro_blue,-97.40438,25.96218,0
          metro_blue,-97.40395,25.96234,0
          metro_blue,-97.4035,25.9625,0
          metro_blue,-97.40323,25.96259,0
          metro_blue,-97.40292,25.96271,0
          metro_blue,-97.40254,25.96284,0
          metro_blue,-97.40228,25.96293,0
          metro_blue,-97.40213,25.96298,0
          metro_blue,-97.40204,25.96301,0
          metro_blue,-97.40182,25.96309,0
          metro_blue,-97.4005,25.96356,0
          metro_blue,-97.39724,25.9647,0
          metro_blue,-97.39621,25.96505,0
          metro_blue,-97.39519,25.96537,0
          metro_blue,-97.39393,25.96575,0
          metro_blue,-97.3932,25.96596,0
          metro_blue,-97.39224,25.96622,0
          metro_blue,-97.39073,25.96661,0
          metro_blue,-97.39006,25.96677,0
          metro_blue,-97.38918,25.96697,0
          metro_blue,-97.38758,25.96731,0
          metro_blue,-97.38645,25.96753,0
          metro_blue,-97.38612,25.96759,0
          metro_blue,-97.38533,25.96772,0
          metro_blue,-97.38526,25.96775,0
          metro_blue,-97.38519,25.96779,0
          metro_blue,-97.38464,25.96788,0
          metro_blue,-97.38456,25.96789,0
          metro_blue,-97.38386,25.968,0
          metro_blue,-97.3836,25.96803,0
          metro_blue,-97.38303,25.96813,0
          metro_blue,-97.38281,25.96816,0
          metro_blue,-97.38262,25.96819,0
          metro_blue,-97.38081,25.96844,0
          metro_blue,-97.37889,25.96876,0
          metro_blue,-97.37827,25.96887,0
          metro_blue,-97.37736,25.96905,0
          metro_blue,-97.37665,25.96919,0
          metro_blue,-97.3763,25.96926,0
          metro_blue,-97.37569,25.96939,0
          metro_blue,-97.37549,25.96943,0
          metro_blue,-97.37483,25.96959,0
          metro_blue,-97.3738,25.96983,0
          metro_blue,-97.37229,25.97022,0
          metro_blue,-97.37086,25.97063,0
          metro_blue,-97.37045,25.97075,0
          metro_blue,-97.36951,25.97103,0
          metro_blue,-97.36921,25.97113,0
          metro_blue,-97.36826,25.97144,0
          metro_blue,-97.36818,25.97147,0
          metro_blue,-97.36795,25.97155,0
          metro_blue,-97.36778,25.97161,0
          metro_blue,-97.36716,25.97182,0
          metro_blue,-97.36171,25.97373,0
          metro_blue,-97.36096,25.97399,0
          metro_blue,-97.35947,25.97453,0
          metro_blue,-97.35909,25.97466,0
          metro_blue,-97.35877,25.97477,0
          metro_blue,-97.35851,25.97486,0
          metro_blue,-97.35646,25.97558,0
          metro_blue,-97.35596,25.97575,0
          metro_blue,-97.35541,25.97595,0
          metro_blue,-97.35392,25.97647,0
          metro_blue,-97.35334,25.97668,0
          metro_blue,-97.35022,25.97777,0
          metro_blue,-97.34869,25.97831,0
          metro_blue,-97.3455,25.97943,0
          metro_blue,-97.34454,25.97977,0
          metro_blue,-97.34152,25.98083,0
          metro_blue,-97.33824,25.98198,0
          metro_blue,-97.33735,25.9823,0
          metro_blue,-97.33427,25.98338,0
          metro_blue,-97.33283,25.98388,0
          metro_blue,-97.33186,25.98422,0
          metro_blue,-97.33161,25.98431,0
          metro_blue,-97.33123,25.98447,0
          metro_blue,-97.33098,25.98457,0
          metro_blue,-97.33078,25.98466,0
          metro_blue,-97.33043,25.98482,0
          metro_blue,-97.3302,25.98493,0
          metro_blue,-97.32998,25.98504,0
          metro_blue,-97.32953,25.98527,0
          metro_blue,-97.32913,25.98549,0
          metro_blue,-97.3284,25.9859,0
          metro_blue,-97.32745,25.98644,0
          metro_blue,-97.32711,25.98663,0
          metro_blue,-97.32701,25.98664,0
          metro_blue,-97.32697,25.98665,0
          metro_blue,-97.32694,25.98666,0
          metro_blue,-97.31707,25.99221,0
          metro_blue,-97.31237,25.99484,0
          metro_blue,-97.31123,25.99548,0
          metro_blue,-97.30968,25.99635,0
          metro_blue,-97.30909,25.99668,0
          metro_blue,-97.30847,25.99703,0
          metro_blue,-97.30213,26.00059,0
          metro_blue,-97.29986,26.00185,0
          metro_blue,-97.29909,26.00228,0
          metro_blue,-97.2986,26.00256,0
          metro_blue,-97.29798,26.0029,0
          metro_blue,-97.29554,26.00427,0
          metro_blue,-97.29402,26.00512,0
          metro_blue,-97.29308,26.00565,0
          metro_blue,-97.29214,26.00618,0
          metro_blue,-97.2912,26.00671,0
          metro_blue,-97.29023,26.00725,0
          metro_blue,-97.28919,26.00783,0
          metro_blue,-97.28731,26.00888,0
          metro_blue,-97.28426,26.01059,0
          metro_blue,-97.28312,26.01123,0
          metro_blue,-97.28264,26.0115,0
          metro_blue,-97.2788,26.01365,0
          metro_blue,-97.27681,26.01476,0
          metro_blue,-97.27612,26.01515,0
          metro_blue,-97.27607,26.01518,0
          metro_blue,-97.27387,26.01641,0
          metro_blue,-97.2718,26.01757,0
          metro_blue,-97.2656,26.02105,0
          metro_blue,-97.26508,26.02133,0
          metro_blue,-97.26355,26.0221,0
          metro_blue,-97.26129,26.02322,0
          metro_blue,-97.26023,26.02378,0
          metro_blue,-97.25929,26.02432,0
          metro_blue,-97.25772,26.02519,0
          metro_blue,-97.2569,26.02564,0
          metro_blue,-97.25638,26.02594,0
          metro_blue,-97.25565,26.02635,0
          metro_blue,-97.25525,26.02657,0
          metro_blue,-97.25493,26.02676,0
          metro_blue,-97.25452,26.027,0
          metro_blue,-97.25412,26.02724,0
          metro_blue,-97.25283,26.02806,0
          metro_blue,-97.25261,26.0282,0
          metro_blue,-97.2522,26.02845,0
          metro_blue,-97.2518,26.02871,0
          metro_blue,-97.25103,26.02917,0
          metro_blue,-97.25078,26.02932,0
          metro_blue,-97.25048,26.02949,0
          metro_blue,-97.25017,26.02967,0
          metro_blue,-97.24949,26.03005,0
          metro_blue,-97.2489,26.0304,0
          metro_blue,-97.2486,26.03062,0
          metro_blue,-97.24827,26.03089,0
          metro_blue,-97.24802,26.03114,0
          metro_blue,-97.24786,26.0313,0
          metro_blue,-97.24756,26.03167,0
          metro_blue,-97.24729,26.03206,0
          metro_blue,-97.24709,26.03242,0
          metro_blue,-97.24698,26.03264,0
          metro_blue,-97.24665,26.03346,0
          metro_blue,-97.24623,26.0345,0
          metro_blue,-97.24573,26.03579,0
          metro_blue,-97.24539,26.03666,0
          metro_blue,-97.245,26.03763,0
          metro_blue,-97.24439,26.03919,0
          metro_blue,-97.24405,26.03994,0
          metro_blue,-97.24379,26.04052,0
          metro_blue,-97.2436,26.04094,0
          metro_blue,-97.24337,26.04144,0
          metro_blue,-97.24294,26.04237,0
          metro_blue,-97.24267,26.04297,0
          metro_blue,-97.24236,26.0437,0
          metro_blue,-97.24224,26.044,0
          metro_blue,-97.24215,26.04421,0
          metro_blue,-97.24203,26.04452,0
          metro_blue,-97.24198,26.04466,0
          metro_blue,-97.24132,26.04632,0
          metro_blue,-97.24132,26.04634,0
          metro_blue,-97.24091,26.04736,0
          metro_blue,-97.24055,26.04827,0
          metro_blue,-97.2403,26.0489,0
          metro_blue,-97.2399,26.05002,0
          metro_blue,-97.23964,26.05083,0
          metro_blue,-97.23922,26.05213,0
          metro_blue,-97.23909,26.05252,0
          metro_blue,-97.23898,26.05285,0
          metro_blue,-97.23886,26.05318,0
          metro_blue,-97.23876,26.05347,0
          metro_blue,-97.23864,26.05379,0
          metro_blue,-97.23847,26.05422,0
          metro_blue,-97.23823,26.05483,0
          metro_blue,-97.23795,26.05555,0
          metro_blue,-97.23786,26.05577,0
          metro_blue,-97.2378,26.05594,0
          metro_blue,-97.23769,26.05628,0
          metro_blue,-97.23764,26.05647,0
          metro_blue,-97.23759,26.05671,0
          metro_blue,-97.23756,26.05695,0
          metro_blue,-97.23754,26.05711,0
          metro_blue,-97.23752,26.05728,0
          metro_blue,-97.23751,26.0575,0
          metro_blue,-97.23754,26.05895,0
          metro_blue,-97.23756,26.05954,0
          metro_blue,-97.23758,26.06065,0
          metro_blue,-97.2376,26.06153,0
          metro_blue,-97.2376,26.06167,0
          metro_blue,-97.2376,26.06183,0
          metro_blue,-97.2376,26.06196,0
          metro_blue,-97.23759,26.06212,0
          metro_blue,-97.23758,26.06224,0
          metro_blue,-97.23756,26.06237,0
          metro_blue,-97.23754,26.06254,0
          metro_blue,-97.2375,26.06274,0
          metro_blue,-97.23746,26.06292,0
          metro_blue,-97.23741,26.06311,0
          metro_blue,-97.23734,26.06332,0
          metro_blue,-97.23729,26.06345,0
          metro_blue,-97.23724,26.06357,0
          metro_blue,-97.23717,26.06373,0
          metro_blue,-97.23707,26.06392,0
          metro_blue,-97.23696,26.06415,0
          metro_blue,-97.23685,26.06432,0
          metro_blue,-97.23677,26.06443,0
          metro_blue,-97.23664,26.06462,0
          metro_blue,-97.23649,26.06482,0
          metro_blue,-97.23638,26.06495,0
          metro_blue,-97.23622,26.06512,0
          metro_blue,-97.2361,26.06524,0
          metro_blue,-97.23594,26.0654,0
          metro_blue,-97.23574,26.06559,0
          metro_blue,-97.23547,26.06583,0
          metro_blue,-97.23485,26.0664,0
          metro_blue,-97.23434,26.06687,0
          metro_blue,-97.23349,26.06766,0
          metro_blue,-97.23262,26.06845,0
          metro_blue,-97.23191,26.06911,0
          metro_blue,-97.23158,26.06941,0
          metro_blue,-97.23132,26.06965,0
          metro_blue,-97.23131,26.06967,0
          metro_blue,-97.2313,26.06968,0
          metro_blue,-97.23126,26.06979,0
          metro_blue,-97.23087,26.07015,0
          metro_blue,-97.23006,26.07089,0
          metro_blue,-97.22901,26.07186,0
          metro_blue,-97.22867,26.07218,0
          metro_blue,-97.22824,26.07257,0
          metro_blue,-97.22775,26.07302,0
          metro_blue,-97.22758,26.07318,0
          metro_blue,-97.2272,26.07353,0
          metro_blue,-97.22786,26.07387,0
          metro_blue,-97.22779,26.07437,0
          metro_blue,-97.22778,26.07451,0

          metro_red,-98.23611,26.20356,0
          metro_red,-98.23565,26.2035,0
          metro_red,-98.23584,26.20255,0
          metro_red,-98.236,26.2016,0
          metro_red,-98.23614,26.20065,0
          metro_red,-98.2363,26.19968,0
          metro_red,-98.23647,26.19873,0
          metro_red,-98.23662,26.19779,0
          metro_red,-98.23695,26.19594,0
          metro_red,-98.23707,26.19516,0
          metro_red,-98.23687,26.19514,0
          metro_red,-98.23621,26.195,0
          metro_red,-98.23597,26.19498,0
          metro_red,-98.2364,26.1924,0
          metro_red,-98.23652,26.19214,0
          metro_red,-98.23663,26.192,0
          metro_red,-98.23674,26.19192,0
          metro_red,-98.23685,26.19183,0
          metro_red,-98.23693,26.19175,0
          metro_red,-98.23699,26.19165,0
          metro_red,-98.2372,26.19033,0
          metro_red,-98.23721,26.19031,0
          metro_red,-98.23721,26.19027,0
          metro_red,-98.23723,26.19014,0
          metro_red,-98.23723,26.19012,0
          metro_red,-98.23726,26.18999,0
          metro_red,-98.23728,26.18983,0
          metro_red,-98.23731,26.18969,0
          metro_red,-98.23734,26.18952,0
          metro_red,-98.23745,26.18867,0
          metro_red,-98.23737,26.1886,0
          metro_red,-98.23732,26.18857,0
          metro_red,-98.23706,26.18857,0
          metro_red,-98.23699,26.18895,0
          metro_red,-98.23692,26.18946,0
          metro_red,-98.23686,26.18958,0
          metro_red,-98.23684,26.18961,0
          metro_red,-98.23683,26.18965,0
          metro_red,-98.23679,26.18967,0
          metro_red,-98.23667,26.18974,0
          metro_red,-98.2361,26.18966,0
          metro_red,-98.23589,26.18967,0
          metro_red,-98.23437,26.18961,0
          metro_red,-98.23382,26.18957,0
          metro_red,-98.23378,26.18957,0
          metro_red,-98.23367,26.18962,0
          metro_red,-98.23259,26.18947,0
          metro_red,-98.23255,26.18946,0
          metro_red,-98.23223,26.18942,0
          metro_red,-98.23119,26.18927,0
          metro_red,-98.23006,26.18906,0
          metro_red,-98.22431,26.18832,0
          metro_red,-98.22405,26.18828,0
          metro_red,-98.22401,26.18827,0
          metro_red,-98.22087,26.18783,0
          metro_red,-98.21988,26.18768,0
          metro_red,-98.21903,26.18758,0
          metro_red,-98.21859,26.18755,0
          metro_red,-98.21833,26.18754,0
          metro_red,-98.21797,26.18754,0
          metro_red,-98.2176,26.18755,0
          metro_red,-98.2172,26.18758,0
          metro_red,-98.21664,26.18765,0
          metro_red,-98.21614,26.18774,0
          metro_red,-98.21582,26.18781,0
          metro_red,-98.21516,26.18799,0
          metro_red,-98.2151,26.18801,0
          metro_red,-98.21464,26.18819,0
          metro_red,-98.21418,26.18839,0
          metro_red,-98.21392,26.18852,0
          metro_red,-98.21381,26.18857,0
          metro_red,-98.21326,26.18889,0
          metro_red,-98.21299,26.18906,0
          metro_red,-98.21243,26.18947,0
          metro_red,-98.21214,26.1897,0
          metro_red,-98.21171,26.19009,0
          metro_red,-98.21078,26.19098,0
          metro_red,-98.21058,26.19116,0
          metro_red,-98.20975,26.19198,0
          metro_red,-98.20885,26.19282,0
          metro_red,-98.20485,26.19664,0
          metro_red,-98.20444,26.19701,0
          metro_red,-98.20439,26.19707,0
          metro_red,-98.203,26.19837,0
          metro_red,-98.20225,26.1991,0
          metro_red,-98.1976,26.2035,0
          metro_red,-98.19734,26.20376,0
          metro_red,-98.19728,26.20381,0
          metro_red,-98.19654,26.2045,0
          metro_red,-98.19631,26.2047,0
          metro_red,-98.19614,26.20484,0
          metro_red,-98.19574,26.20514,0
          metro_red,-98.19526,26.20548,0
          metro_red,-98.19498,26.20566,0
          metro_red,-98.19452,26.20592,0
          metro_red,-98.19382,26.20628,0
          metro_red,-98.19354,26.20641,0
          metro_red,-98.19328,26.20651,0
          metro_red,-98.19299,26.20663,0
          metro_red,-98.19263,26.20676,0
          metro_red,-98.19229,26.20687,0
          metro_red,-98.19165,26.20705,0
          metro_red,-98.19125,26.20715,0
          metro_red,-98.19091,26.20722,0
          metro_red,-98.19046,26.2073,0
          metro_red,-98.19004,26.20736,0
          metro_red,-98.18942,26.20742,0
          metro_red,-98.18864,26.20746,0
          metro_red,-98.18848,26.20746,0
          metro_red,-98.18764,26.20743,0
          metro_red,-98.18716,26.20739,0
          metro_red,-98.18671,26.20734,0
          metro_red,-98.1852,26.20712,0
          metro_red,-98.17467,26.20569,0
          metro_red,-98.17435,26.20564,0
          metro_red,-98.16418,26.20424,0
          metro_red,-98.16405,26.20423,0
          metro_red,-98.16392,26.20421,0
          metro_red,-98.16338,26.20411,0
          metro_red,-98.1629,26.204,0
          metro_red,-98.16251,26.2039,0
          metro_red,-98.16231,26.20384,0
          metro_red,-98.16208,26.20376,0
          metro_red,-98.16185,26.20369,0
          metro_red,-98.1615,26.20356,0
          metro_red,-98.16135,26.20351,0
          metro_red,-98.16117,26.20343,0
          metro_red,-98.16084,26.2033,0
          metro_red,-98.16066,26.20322,0
          metro_red,-98.15995,26.20286,0
          metro_red,-98.15657,26.2008,0
          metro_red,-98.15509,26.19988,0
          metro_red,-98.14916,26.19626,0
          metro_red,-98.14842,26.19586,0
          metro_red,-98.1481,26.1957,0
          metro_red,-98.14767,26.1955,0
          metro_red,-98.14689,26.19516,0
          metro_red,-98.14585,26.19478,0
          metro_red,-98.14529,26.1946,0
          metro_red,-98.14493,26.1945,0
          metro_red,-98.144,26.19427,0
          metro_red,-98.14316,26.1941,0
          metro_red,-98.14241,26.19398,0
          metro_red,-98.1256,26.19165,0
          metro_red,-98.12508,26.19157,0
          metro_red,-98.12469,26.19152,0
          metro_red,-98.12203,26.19113,0
          metro_red,-98.11922,26.19075,0
          metro_red,-98.11877,26.1907,0
          metro_red,-98.10225,26.18839,0
          metro_red,-98.08336,26.18584,0
          metro_red,-98.08214,26.18566,0
          metro_red,-98.05889,26.18244,0
          metro_red,-98.05803,26.18233,0
          metro_red,-98.05753,26.18225,0
          metro_red,-98.04531,26.18056,0
          metro_red,-98.04487,26.18049,0
          metro_red,-98.04153,26.18003,0
          metro_red,-98.0411,26.17996,0
          metro_red,-98.04066,26.17991,0
          metro_red,-98.03564,26.17921,0
          metro_red,-98.03479,26.17906,0
          metro_red,-98.03412,26.1789,0
          metro_red,-98.03384,26.17882,0
          metro_red,-98.01889,26.17373,0
          metro_red,-98.01746,26.17327,0
          metro_red,-98.01711,26.17318,0
          metro_red,-98.01617,26.17296,0
          metro_red,-98.01535,26.17281,0
          metro_red,-98.01497,26.17275,0
          metro_red,-98.0141,26.17265,0
          metro_red,-98.01357,26.17261,0
          metro_red,-98.01274,26.17257,0
          metro_red,-98.01208,26.17256,0
          metro_red,-97.99564,26.17282,0
          metro_red,-97.99523,26.17282,0
          metro_red,-97.99377,26.17285,0
          metro_red,-97.99329,26.17285,0
          metro_red,-97.99263,26.17283,0
          metro_red,-97.99017,26.17279,0
          metro_red,-97.98915,26.17276,0
          metro_red,-97.98888,26.17276,0
          metro_red,-97.98322,26.17265,0
          metro_red,-97.98219,26.17261,0
          metro_red,-97.98149,26.17254,0
          metro_red,-97.98085,26.17244,0
          metro_red,-97.98078,26.17244,0
          metro_red,-97.98062,26.1724,0
          metro_red,-97.98008,26.17231,0
          metro_red,-97.97978,26.17224,0
          metro_red,-97.97899,26.17203,0
          metro_red,-97.97809,26.17173,0
          metro_red,-97.97788,26.17165,0
          metro_red,-97.9773,26.17141,0
          metro_red,-97.97679,26.17117,0
          metro_red,-97.97652,26.17105,0
          metro_red,-97.97631,26.17093,0
          metro_red,-97.97608,26.17081,0
          metro_red,-97.97011,26.16753,0
          metro_red,-97.96953,26.1672,0
          metro_red,-97.9566,26.16006,0
          metro_red,-97.95499,26.1592,0
          metro_red,-97.95442,26.15892,0
          metro_red,-97.95365,26.15857,0
          metro_red,-97.95317,26.15834,0
          metro_red,-97.95266,26.15811,0
          metro_red,-97.95211,26.15785,0
          metro_red,-97.95127,26.15747,0
          metro_red,-97.94179,26.15305,0
          metro_red,-97.94177,26.15305,0
          metro_red,-97.94033,26.15237,0
          metro_red,-97.93968,26.15209,0
          metro_red,-97.93898,26.15184,0
          metro_red,-97.93852,26.1517,0
          metro_red,-97.93799,26.15155,0
          metro_red,-97.93767,26.15148,0
          metro_red,-97.93705,26.15136,0
          metro_red,-97.93661,26.1513,0
          metro_red,-97.93604,26.15124,0
          metro_red,-97.9356,26.15121,0
          metro_red,-97.93514,26.15119,0
          metro_red,-97.93479,26.15119,0
          metro_red,-97.93437,26.1512,0
          metro_red,-97.93342,26.15128,0
          metro_red,-97.93285,26.15136,0
          metro_red,-97.93241,26.15144,0
          metro_red,-97.93162,26.15162,0
          metro_red,-97.93132,26.1517,0
          metro_red,-97.92811,26.15245,0
          metro_red,-97.92697,26.15273,0
          metro_red,-97.92622,26.1529,0
          metro_red,-97.92611,26.15293,0
          metro_red,-97.92499,26.1532,0
          metro_red,-97.92373,26.15353,0
          metro_red,-97.92305,26.15372,0
          metro_red,-97.92247,26.15387,0
          metro_red,-97.92109,26.15425,0
          metro_red,-97.92095,26.15428,0
          metro_red,-97.92056,26.15438,0
          metro_red,-97.92031,26.15446,0
          metro_red,-97.91317,26.15637,0
          metro_red,-97.91304,26.1564,0
          metro_red,-97.91159,26.15679,0
          metro_red,-97.91115,26.15693,0
          metro_red,-97.91025,26.15716,0
          metro_red,-97.90977,26.1573,0
          metro_red,-97.90587,26.15834,0
          metro_red,-97.90557,26.1584,0
          metro_red,-97.90504,26.15852,0
          metro_red,-97.90399,26.1587,0
          metro_red,-97.90345,26.15876,0
          metro_red,-97.90229,26.15886,0
          metro_red,-97.88093,26.1592,0
          metro_red,-97.88027,26.1592,0
          metro_red,-97.87875,26.15923,0
          metro_red,-97.87829,26.15923,0
          metro_red,-97.87807,26.15924,0
          metro_red,-97.87744,26.15924,0
          metro_red,-97.87489,26.15929,0
          metro_red,-97.87476,26.15928,0
          metro_red,-97.86096,26.15949,0
          metro_red,-97.86031,26.15952,0
          metro_red,-97.85949,26.15961,0
          metro_red,-97.85929,26.15964,0
          metro_red,-97.85867,26.15975,0
          metro_red,-97.85796,26.15992,0
          metro_red,-97.85745,26.16007,0
          metro_red,-97.85713,26.16018,0
          metro_red,-97.85693,26.16024,0
          metro_red,-97.84731,26.16422,0
          metro_red,-97.84703,26.16433,0
          metro_red,-97.84652,26.16451,0
          metro_red,-97.84581,26.16474,0
          metro_red,-97.84494,26.16496,0
          metro_red,-97.84452,26.16504,0
          metro_red,-97.84376,26.16517,0
          metro_red,-97.84292,26.16526,0
          metro_red,-97.84266,26.16528,0
          metro_red,-97.84169,26.16532,0
          metro_red,-97.83647,26.16538,0
          metro_red,-97.83618,26.16539,0
          metro_red,-97.82406,26.16552,0
          metro_red,-97.82372,26.16553,0
          metro_red,-97.82037,26.16557,0
          metro_red,-97.81947,26.16562,0
          metro_red,-97.81917,26.16565,0
          metro_red,-97.81866,26.16572,0
          metro_red,-97.81808,26.16582,0
          metro_red,-97.81736,26.16599,0
          metro_red,-97.81691,26.16612,0
          metro_red,-97.81643,26.16627,0
          metro_red,-97.81572,26.16654,0
          metro_red,-97.81551,26.16663,0
          metro_red,-97.81493,26.1669,0
          metro_red,-97.81464,26.16706,0
          metro_red,-97.8143,26.16723,0
          metro_red,-97.81395,26.16742,0
          metro_red,-97.805,26.17205,0
          metro_red,-97.80212,26.17357,0
          metro_red,-97.80188,26.17369,0
          metro_red,-97.80176,26.17376,0
          metro_red,-97.79548,26.17698,0
          metro_red,-97.79531,26.17708,0
          metro_red,-97.79523,26.17711,0
          metro_red,-97.78785,26.18093,0
          metro_red,-97.78626,26.18177,0
          metro_red,-97.78337,26.18325,0
          metro_red,-97.7829,26.18351,0
          metro_red,-97.7817,26.18412,0
          metro_red,-97.78073,26.18463,0
          metro_red,-97.78027,26.18486,0
          metro_red,-97.77922,26.18541,0
          metro_red,-97.77883,26.1856,0
          metro_red,-97.7786,26.18572,0
          metro_red,-97.77849,26.18577,0
          metro_red,-97.77837,26.18583,0
          metro_red,-97.77829,26.18586,0
          metro_red,-97.77821,26.1859,0
          metro_red,-97.77814,26.18593,0
          metro_red,-97.77807,26.18595,0
          metro_red,-97.77796,26.186,0
          metro_red,-97.77779,26.18606,0
          metro_red,-97.77762,26.18613,0
          metro_red,-97.77727,26.18625,0
          metro_red,-97.77689,26.18637,0
          metro_red,-97.77658,26.18646,0
          metro_red,-97.77602,26.1866,0
          metro_red,-97.77544,26.18671,0
          metro_red,-97.77513,26.18676,0
          metro_red,-97.77456,26.18683,0
          metro_red,-97.77441,26.18684,0
          metro_red,-97.77422,26.18686,0
          metro_red,-97.77413,26.18686,0
          metro_red,-97.77401,26.18687,0
          metro_red,-97.77358,26.18689,0
          metro_red,-97.7706,26.1869,0
          metro_red,-97.76912,26.18689,0
          metro_red,-97.76882,26.1869,0
          metro_red,-97.75316,26.18691,0
          metro_red,-97.75253,26.1869,0
          metro_red,-97.75115,26.18691,0
          metro_red,-97.74781,26.1869,0
          metro_red,-97.74756,26.18689,0
          metro_red,-97.74722,26.18689,0
          metro_red,-97.74525,26.18683,0
          metro_red,-97.74505,26.18683,0
          metro_red,-97.74398,26.1868,0
          metro_red,-97.73342,26.1868,0
          metro_red,-97.73238,26.18676,0
          metro_red,-97.73223,26.18675,0
          metro_red,-97.73203,26.18673,0
          metro_red,-97.73184,26.18665,0
          metro_red,-97.73138,26.18659,0
          metro_red,-97.73082,26.1865,0
          metro_red,-97.73063,26.18646,0
          metro_red,-97.73038,26.18642,0
          metro_red,-97.73024,26.18639,0
          metro_red,-97.72979,26.18633,0
          metro_red,-97.72927,26.18628,0
          metro_red,-97.72766,26.18622,0
          metro_red,-97.7273,26.18622,0
          metro_red,-97.72721,26.18621,0
          metro_red,-97.72652,26.18622,0
          metro_red,-97.7262,26.18627,0
          metro_red,-97.72586,26.18634,0
          metro_red,-97.7255,26.18643,0
          metro_red,-97.72293,26.18716,0
          metro_red,-97.7222,26.1874,0
          metro_red,-97.72046,26.18792,0
          metro_red,-97.72025,26.188,0
          metro_red,-97.71956,26.18832,0
          metro_red,-97.71923,26.18846,0
          metro_red,-97.71787,26.18888,0
          metro_red,-97.71757,26.18896,0
          metro_red,-97.71752,26.18897,0
          metro_red,-97.71736,26.18901,0
          metro_red,-97.71734,26.18902,0
          metro_red,-97.71705,26.18909,0
          metro_red,-97.71668,26.18921,0
          metro_red,-97.7162,26.18934,0
          metro_red,-97.71617,26.18935,0
          metro_red,-97.71604,26.18938,0
          metro_red,-97.71564,26.18946,0
          metro_red,-97.71496,26.18955,0
          metro_red,-97.71463,26.18957,0
          metro_red,-97.71454,26.18958,0
          metro_red,-97.71433,26.18958,0
          metro_red,-97.71428,26.18959,0
          metro_red,-97.71393,26.18959,0
          metro_red,-97.71357,26.18958,0
          metro_red,-97.70666,26.18959,0
          metro_red,-97.70542,26.18961,0
          metro_red,-97.70418,26.18961,0
          metro_red,-97.70372,26.18962,0
          metro_red,-97.70109,26.1896,0
          metro_red,-97.69541,26.18962,0
          metro_red,-97.69561,26.18991,0
          metro_red,-97.6956,26.19068,0
          metro_red,-97.69562,26.19224,0
          metro_red,-97.69561,26.19276,0
          metro_red,-97.69561,26.1938,0
          metro_red,-97.69342,26.19381,0
          metro_red,-97.69232,26.19383,0
          metro_red,-97.69232,26.19331,0
          metro_red,-97.69233,26.19279,0
          metro_red,-97.69233,26.19225,0
          metro_red,-97.69231,26.19174,0
          metro_red,-97.69233,26.19069,0
          metro_red,-97.69341,26.19067,0
          metro_red,-97.69677,26.19069,0
          metro_red,-97.6972,26.19068,0
          metro_red,-97.7033,26.19066,0
          metro_red,-97.70374,26.19065,0
          metro_red,-97.70517,26.19065,0
          metro_red,-97.70546,26.19064,0
          metro_red,-97.70667,26.19065,0
          metro_red,-97.71074,26.19064,0
          metro_red,-97.71131,26.19063,0
          metro_red,-97.71255,26.19064,0
          metro_red,-97.71374,26.19062,0
          metro_red,-97.71522,26.19062,0
          metro_red,-97.71546,26.1906,0
          metro_red,-97.71582,26.19056,0
          metro_red,-97.71622,26.19049,0
          metro_red,-97.71742,26.19014,0
          metro_red,-97.71767,26.19006,0
          metro_red,-97.71769,26.19005,0
          metro_red,-97.71771,26.19005,0
          metro_red,-97.71787,26.19,0
          metro_red,-97.71792,26.18999,0
          metro_red,-97.71819,26.18991,0
          metro_red,-97.71826,26.1899,0
          metro_red,-97.71814,26.18963,0
          metro_red,-97.71746,26.18774,0
          metro_red,-97.71741,26.18763,0
          metro_red,-97.71724,26.18729,0
          metro_red,-97.71719,26.18722,0
          metro_red,-97.71714,26.18714,0
          metro_red,-97.71701,26.18695,0
          metro_red,-97.71694,26.18684,0
          metro_red,-97.71684,26.18666,0
          metro_red,-97.71665,26.18642,0
          metro_red,-97.71642,26.18576,0
          metro_red,-97.71583,26.18414,0
          metro_red,-97.71568,26.1838,0
          metro_red,-97.71564,26.18369,0
          metro_red,-97.71559,26.1836,0
          metro_red,-97.71544,26.1833,0
          metro_red,-97.71524,26.18295,0
          metro_red,-97.71502,26.18259,0
          metro_red,-97.71478,26.18228,0
          metro_red,-97.71456,26.18201,0
          metro_red,-97.71432,26.18174,0
          metro_red,-97.71418,26.1816,0
          metro_red,-97.7138,26.18124,0
          metro_red,-97.71351,26.181,0
          metro_red,-97.71319,26.18075,0
          metro_red,-97.71298,26.1806,0
          metro_red,-97.71266,26.18039,0
          metro_red,-97.71211,26.18006,0
          metro_red,-97.71172,26.17986,0
          metro_red,-97.7114,26.17971,0
          metro_red,-97.71109,26.17958,0
          metro_red,-97.71082,26.17949,0
          metro_red,-97.71063,26.17942,0
          metro_red,-97.71014,26.17928,0
          metro_red,-97.70701,26.17853,0
          metro_red,-97.70658,26.17842,0
          metro_red,-97.7065,26.17839,0
          metro_red,-97.70621,26.1783,0
          metro_red,-97.70587,26.17818,0
          metro_red,-97.70555,26.17804,0
          metro_red,-97.70543,26.17798,0
          metro_red,-97.70531,26.17793,0
          metro_red,-97.7051,26.17781,0
          metro_red,-97.705,26.17776,0
          metro_red,-97.7046,26.17752,0
          metro_red,-97.7043,26.17731,0
          metro_red,-97.70394,26.17703,0
          metro_red,-97.70377,26.17688,0
          metro_red,-97.70344,26.17655,0
          metro_red,-97.70329,26.17639,0
          metro_red,-97.70314,26.17622,0
          metro_red,-97.70278,26.17577,0
          metro_red,-97.70243,26.17531,0
          metro_red,-97.70208,26.17487,0
          metro_red,-97.70207,26.17485,0
          metro_red,-97.70191,26.17466,0
          metro_red,-97.70176,26.17446,0
          metro_red,-97.70151,26.17415,0
          metro_red,-97.70061,26.17299,0
          metro_red,-97.70048,26.17284,0
          metro_red,-97.70036,26.17268,0
          metro_red,-97.69994,26.17216,0
          metro_red,-97.6998,26.172,0
          metro_red,-97.69955,26.17173,0
          metro_red,-97.69946,26.17165,0
          metro_red,-97.69921,26.1714,0
          metro_red,-97.69903,26.17124,0
          metro_red,-97.69886,26.1711,0
          metro_red,-97.69823,26.17062,0
          metro_red,-97.69483,26.16849,0
          metro_red,-97.69456,26.16833,0
          metro_red,-97.6932,26.16748,0
          metro_red,-97.69303,26.16738,0
          metro_red,-97.69294,26.16732,0
          metro_red,-97.68313,26.16118,0
          metro_red,-97.68212,26.16052,0
          metro_red,-97.68211,26.1605,0
          metro_red,-97.68191,26.16037,0
          metro_red,-97.6819,26.16036,0
          metro_red,-97.68186,26.16033,0
          metro_red,-97.68173,26.16025,0
          metro_red,-97.68171,26.16023,0
          metro_red,-97.68163,26.16018,0
          metro_red,-97.68025,26.15922,0
          metro_red,-97.67192,26.15308,0
          metro_red,-97.66677,26.14934,0
          metro_red,-97.65927,26.1438,0
          metro_red,-97.65878,26.14345,0
          metro_red,-97.65818,26.14298,0
          metro_red,-97.65793,26.14277,0
          metro_red,-97.65766,26.14253,0
          metro_red,-97.6544,26.13952,0
          metro_red,-97.65371,26.1389,0
          metro_red,-97.65312,26.13842,0
          metro_red,-97.65263,26.13805,0
          metro_red,-97.64454,26.13214,0
          metro_red,-97.6441,26.13183,0
          metro_red,-97.64293,26.13109,0
          metro_red,-97.64197,26.13046,0
          metro_red,-97.64129,26.12999,0
          metro_red,-97.63685,26.12673,0
          metro_red,-97.63679,26.12669,0
          metro_red,-97.63678,26.12667,0
          metro_red,-97.63653,26.1265,0
          metro_red,-97.63652,26.12649,0
          metro_red,-97.63643,26.12642,0
          metro_red,-97.63641,26.1264,0
          metro_red,-97.63635,26.12637,0
          metro_red,-97.63629,26.12632,0
          metro_red,-97.63076,26.12227,0
          metro_red,-97.63063,26.12218,0
          metro_red,-97.63045,26.12204,0
          metro_red,-97.63044,26.12204,0
          metro_red,-97.63039,26.122,0
          metro_red,-97.63002,26.12173,0
          metro_red,-97.62976,26.12155,0
          metro_red,-97.6295,26.12138,0
          metro_red,-97.62916,26.12117,0
          metro_red,-97.62912,26.12116,0
          metro_red,-97.62895,26.12106,0
          metro_red,-97.62863,26.12089,0
          metro_red,-97.62862,26.12089,0
          metro_red,-97.62809,26.12065,0
          metro_red,-97.62643,26.11986,0
          metro_red,-97.62619,26.11974,0
          metro_red,-97.62576,26.11949,0
          metro_red,-97.62549,26.11932,0
          metro_red,-97.62511,26.11906,0
          metro_red,-97.61996,26.11528,0
          metro_red,-97.61956,26.11501,0
          metro_red,-97.61889,26.11459,0
          metro_red,-97.61865,26.11445,0
          metro_red,-97.61764,26.11391,0
          metro_red,-97.61669,26.11347,0
          metro_red,-97.61607,26.11322,0
          metro_red,-97.61537,26.11296,0
          metro_red,-97.61172,26.11167,0
          metro_red,-97.60988,26.11099,0
          metro_red,-97.60555,26.10948,0
          metro_red,-97.60527,26.10939,0
          metro_red,-97.60433,26.10906,0
          metro_red,-97.6041,26.10896,0
          metro_red,-97.60407,26.10894,0
          metro_red,-97.60397,26.1089,0
          metro_red,-97.60388,26.10885,0
          metro_red,-97.60376,26.1088,0
          metro_red,-97.60363,26.10873,0
          metro_red,-97.60348,26.10864,0
          metro_red,-97.6033,26.10854,0
          metro_red,-97.60317,26.10846,0
          metro_red,-97.60301,26.10835,0
          metro_red,-97.60282,26.10821,0
          metro_red,-97.60233,26.1078,0
          metro_red,-97.6022,26.10767,0
          metro_red,-97.60185,26.10729,0
          metro_red,-97.60144,26.10687,0
          metro_red,-97.60136,26.10678,0
          metro_red,-97.59936,26.1047,0
          metro_red,-97.59903,26.10434,0
          metro_red,-97.59894,26.10426,0
          metro_red,-97.59331,26.09834,0
          metro_red,-97.59262,26.09752,0
          metro_red,-97.59223,26.09704,0
          metro_red,-97.58995,26.09407,0
          metro_red,-97.58993,26.09405,0
          metro_red,-97.58989,26.09399,0
          metro_red,-97.58977,26.09383,0
          metro_red,-97.58936,26.09331,0
          metro_red,-97.58848,26.09215,0
          metro_red,-97.58681,26.08984,0
          metro_red,-97.58621,26.08904,0
          metro_red,-97.58379,26.08592,0
          metro_red,-97.58377,26.08589,0
          metro_red,-97.58255,26.08432,0
          metro_red,-97.58002,26.08117,0
          metro_red,-97.57989,26.08099,0
          metro_red,-97.57952,26.08051,0
          metro_red,-97.57912,26.07997,0
          metro_red,-97.57831,26.07878,0
          metro_red,-97.57664,26.07616,0
          metro_red,-97.57643,26.07587,0
          metro_red,-97.57547,26.07449,0
          metro_red,-97.57536,26.07432,0
          metro_red,-97.57516,26.07404,0
          metro_red,-97.57475,26.07342,0
          metro_red,-97.57379,26.07203,0
          metro_red,-97.57355,26.07171,0
          metro_red,-97.5735,26.07165,0
          metro_red,-97.57311,26.07112,0
          metro_red,-97.57208,26.06976,0
          metro_red,-97.57109,26.06839,0
          metro_red,-97.57038,26.06734,0
          metro_red,-97.57037,26.06734,0
          metro_red,-97.57017,26.06703,0
          metro_red,-97.56981,26.06652,0
          metro_red,-97.56902,26.06534,0
          metro_red,-97.56879,26.06496,0
          metro_red,-97.56781,26.06341,0
          metro_red,-97.56716,26.06241,0
          metro_red,-97.56598,26.06068,0
          metro_red,-97.56571,26.0603,0
          metro_red,-97.56558,26.06014,0
          metro_red,-97.5648,26.05911,0
          metro_red,-97.56387,26.05801,0
          metro_red,-97.56289,26.05694,0
          metro_red,-97.56237,26.05642,0
          metro_red,-97.56218,26.05622,0
          metro_red,-97.56192,26.05596,0
          metro_red,-97.56012,26.05431,0
          metro_red,-97.55862,26.05286,0
          metro_red,-97.55421,26.0489,0
          metro_red,-97.5541,26.04881,0
          metro_red,-97.55182,26.04677,0
          metro_red,-97.55145,26.04645,0
          metro_red,-97.54842,26.04392,0
          metro_red,-97.54734,26.04297,0
          metro_red,-97.54566,26.04146,0
          metro_red,-97.54264,26.03858,0
          metro_red,-97.53645,26.03305,0
          metro_red,-97.53606,26.03269,0
          metro_red,-97.53573,26.0324,0
          metro_red,-97.53546,26.03215,0
          metro_red,-97.53524,26.03193,0
          metro_red,-97.53511,26.03179,0
          metro_red,-97.53476,26.03137,0
          metro_red,-97.5345,26.03102,0
          metro_red,-97.53426,26.03067,0
          metro_red,-97.53412,26.03043,0
          metro_red,-97.53369,26.02965,0
          metro_red,-97.53319,26.02871,0
          metro_red,-97.53284,26.02808,0
          metro_red,-97.53268,26.02776,0
          metro_red,-97.53254,26.02744,0
          metro_red,-97.5324,26.02709,0
          metro_red,-97.53225,26.02664,0
          metro_red,-97.53218,26.02639,0
          metro_red,-97.53209,26.02597,0
          metro_red,-97.53198,26.02539,0
          metro_red,-97.53129,26.02136,0
          metro_red,-97.5312,26.02088,0
          metro_red,-97.53049,26.01676,0
          metro_red,-97.53046,26.01647,0
          metro_red,-97.53044,26.01633,0
          metro_red,-97.53044,26.01629,0
          metro_red,-97.53042,26.01608,0
          metro_red,-97.53042,26.01603,0
          metro_red,-97.53039,26.0155,0
          metro_red,-97.53029,26.01092,0
          metro_red,-97.53029,26.01064,0
          metro_red,-97.53014,26.00539,0
          metro_red,-97.53009,26.00477,0
          metro_red,-97.53004,26.00451,0
          metro_red,-97.53,26.00425,0
          metro_red,-97.5299,26.00378,0
          metro_red,-97.52967,26.00306,0
          metro_red,-97.52944,26.00254,0
          metro_red,-97.52916,26.00199,0
          metro_red,-97.5289,26.00158,0
          metro_red,-97.52879,26.00142,0
          metro_red,-97.52855,26.00109,0
          metro_red,-97.52776,26.0001,0
          metro_red,-97.52732,25.99952,0
          metro_red,-97.52573,25.99751,0
          metro_red,-97.52437,25.99576,0
          metro_red,-97.52419,25.99551,0
          metro_red,-97.52385,25.99508,0
          metro_red,-97.52344,25.99454,0
          metro_red,-97.52272,25.99356,0
          metro_red,-97.52226,25.99285,0
          metro_red,-97.52208,25.99255,0
          metro_red,-97.52192,25.99226,0
          metro_red,-97.52154,25.99152,0
          metro_red,-97.52134,25.9911,0
          metro_red,-97.52121,25.9908,0
          metro_red,-97.52091,25.99002,0
          metro_red,-97.52074,25.98948,0
          metro_red,-97.52064,25.98913,0
          metro_red,-97.52044,25.98828,0
          metro_red,-97.52035,25.98778,0
          metro_red,-97.52027,25.98727,0
          metro_red,-97.52019,25.98655,0
          metro_red,-97.52017,25.98622,0
          metro_red,-97.52014,25.98587,0
          metro_red,-97.52012,25.98546,0
          metro_red,-97.52005,25.98459,0
          metro_red,-97.52001,25.98428,0
          metro_red,-97.51995,25.98392,0
          metro_red,-97.51975,25.98293,0
          metro_red,-97.51964,25.98246,0
          metro_red,-97.5193,25.98137,0
          metro_red,-97.51914,25.98096,0
          metro_red,-97.51879,25.98014,0
          metro_red,-97.51851,25.97953,0
          metro_red,-97.51823,25.97887,0
          metro_red,-97.51821,25.97881,0
          metro_red,-97.51817,25.97873,0
          metro_red,-97.51809,25.97853,0
          metro_red,-97.518,25.97834,0
          metro_red,-97.51742,25.97697,0
          metro_red,-97.51701,25.97596,0
          metro_red,-97.51608,25.97376,0
          metro_red,-97.51579,25.97312,0
          metro_red,-97.51483,25.97128,0
          metro_red,-97.51372,25.96929,0
          metro_red,-97.51351,25.96893,0
          metro_red,-97.51321,25.96838,0
          metro_red,-97.5127,25.96739,0
          metro_red,-97.51248,25.96694,0
          metro_red,-97.51244,25.96688,0
          metro_red,-97.51242,25.96684,0
          metro_red,-97.51241,25.96681,0
          metro_red,-97.51234,25.96669,0
          metro_red,-97.51162,25.96534,0
          metro_red,-97.51064,25.96335,0
          metro_red,-97.51015,25.96239,0
          metro_red,-97.50642,25.95533,0
          metro_red,-97.50607,25.95464,0
          metro_red,-97.5058,25.95407,0
          metro_red,-97.50568,25.95372,0
          metro_red,-97.50546,25.95298,0
          metro_red,-97.50535,25.95219,0
          metro_red,-97.50507,25.94934,0
          metro_red,-97.505,25.94878,0
          metro_red,-97.50468,25.94576,0
          metro_red,-97.50464,25.94547,0
          metro_red,-97.50462,25.94526,0
          metro_red,-97.50459,25.94509,0
          metro_red,-97.50452,25.94478,0
          metro_red,-97.50445,25.94453,0
          metro_red,-97.50425,25.94391,0
          metro_red,-97.50413,25.9436,0
          metro_red,-97.50397,25.94325,0
          metro_red,-97.50364,25.94265,0
          metro_red,-97.50347,25.94238,0
          metro_red,-97.50323,25.94204,0
          metro_red,-97.50308,25.94186,0
          metro_red,-97.50288,25.9416,0
          metro_red,-97.50246,25.94112,0
          metro_red,-97.49804,25.9362,0
          metro_red,-97.49773,25.93587,0
          metro_red,-97.49298,25.9306,0
          metro_red,-97.49265,25.93021,0
          metro_red,-97.49254,25.93009,0
          metro_red,-97.49225,25.92971,0
          metro_red,-97.49209,25.92949,0
          metro_red,-97.49191,25.92921,0
          metro_red,-97.49165,25.92873,0
          metro_red,-97.49151,25.92844,0
          metro_red,-97.4914,25.92818,0
          metro_red,-97.49125,25.9278,0
          metro_red,-97.49109,25.92728,0
          metro_red,-97.49103,25.92703,0
          metro_red,-97.49093,25.92653,0
          metro_red,-97.49086,25.92597,0
          metro_red,-97.49074,25.92091,0
          metro_red,-97.49076,25.9202,0
          metro_red,-97.49089,25.91884,0
          metro_red,-97.49109,25.91642,0
          metro_red,-97.49111,25.91604,0
          metro_red,-97.4911,25.91528,0
          metro_red,-97.49107,25.91491,0
          metro_red,-97.49099,25.91421,0
          metro_red,-97.49084,25.91336,0
          metro_red,-97.49059,25.91264,0
          metro_red,-97.49038,25.91209,0
          metro_red,-97.49022,25.91171,0
          metro_red,-97.48982,25.91089,0
          metro_red,-97.48965,25.91061,0
          metro_red,-97.48957,25.91046,0
          metro_red,-97.48934,25.91012,0
          metro_red,-97.4893,25.90996,0
          metro_red,-97.4893,25.90995,0
          metro_red,-97.48929,25.90994,0
          metro_red,-97.48928,25.90992,0
          metro_red,-97.48927,25.90991,0
          metro_red,-97.48885,25.90934,0
          metro_red,-97.48833,25.90873,0
          metro_red,-97.48812,25.9085,0
          metro_red,-97.48624,25.90658,0
          metro_red,-97.48549,25.90576,0
          metro_red,-97.48546,25.90572,0
          metro_red,-97.48542,25.90563,0
          metro_red,-97.48505,25.9053,0
          metro_red,-97.48499,25.90506,0
          metro_red,-97.48499,25.90493,0
          metro_red,-97.48502,25.90482,0
          metro_red,-97.48509,25.90471,0
          metro_red,-97.4851,25.90468,0
          metro_red,-97.48512,25.90457,0
          metro_red,-97.48538,25.9043,0
          metro_red,-97.48609,25.9037,0
          metro_red,-97.48798,25.90205,0
          metro_red,-97.48841,25.9017,0
          metro_red,-97.48851,25.90163,0
          metro_red,-97.48866,25.90155,0
          metro_red,-97.48879,25.90149,0
          metro_red,-97.489,25.90142,0
          metro_red,-97.48905,25.9014,0
          metro_red,-97.48934,25.90134,0
          metro_red,-97.48957,25.90132,0
          metro_red,-97.49012,25.90129,0
          metro_red,-97.49095,25.90123,0
          metro_red,-97.49123,25.9012,0
          metro_red,-97.49135,25.90118,0
          metro_red,-97.49153,25.90113,0
          metro_red,-97.49238,25.9008,0
          metro_red,-97.49247,25.90077,0
          metro_red,-97.4926,25.90072,0
          metro_red,-97.49307,25.90052,0
          metro_red,-97.49341,25.90039,0
          metro_red,-97.4935,25.90054,0
          metro_red,-97.49356,25.90057,0
          metro_red,-97.49362,25.90064,0
          metro_red,-97.49362,25.90065,0
          metro_red,-97.49369,25.90072,0
          metro_red,-97.49383,25.90065,0
          metro_red,-97.49387,25.90065,0
          metro_red,-97.49389,25.90066,0
          metro_red,-97.49394,25.90069,0
          metro_red,-97.49398,25.90071,0
          metro_red,-97.49398,25.90072,0
          
          metro_red_two,-97.71974,26.18776,0
          metro_red_two,-97.7197,26.18775,0
          metro_red_two,-97.71961,26.18774,0
          metro_red_two,-97.71956,26.18772,0
          metro_red_two,-97.71946,26.1877,0
          metro_red_two,-97.71931,26.18766,0
          metro_red_two,-97.71907,26.18757,0
          metro_red_two,-97.71888,26.18749,0
          metro_red_two,-97.71806,26.18709,0
          metro_red_two,-97.71795,26.18703,0
          metro_red_two,-97.71775,26.1869,0
          metro_red_two,-97.71767,26.18683,0
          metro_red_two,-97.71753,26.18669,0
          metro_red_two,-97.71745,26.18659,0
          metro_red_two,-97.71737,26.1865,0
          metro_red_two,-97.71725,26.18631,0
          metro_red_two,-97.71721,26.18623,0
          metro_red_two,-97.71717,26.18613,0
          metro_red_two,-97.71716,26.18612,0
          metro_red_two,-97.71708,26.18592,0
          metro_red_two,-97.71707,26.1859,0
          metro_red_two,-97.71683,26.1852,0
          metro_red_two,-97.71633,26.18385,0
          metro_red_two,-97.71616,26.18348,0
          metro_red_two,-97.7159,26.18299,0
          metro_red_two,-97.7157,26.18267,0
          metro_red_two,-97.71555,26.18245,0
          metro_red_two,-97.7152,26.18198,0
          metro_red_two,-97.71507,26.18199,0
          metro_red_two,-97.71502,26.182,0
          metro_red_two,-97.71471,26.18222,0
          metro_red_two,-97.71453,26.18234,0
          metro_red_two,-97.71448,26.18238,0
          metro_red_two,-97.71445,26.18242,0
          metro_red_two,-97.71439,26.18254,0
          metro_red_two,-97.71458,26.18278,0
          metro_red_two,-97.71472,26.18297,0
          metro_red_two,-97.71484,26.18315,0
          metro_red_two,-97.71507,26.18354,0
          metro_red_two,-97.71528,26.18397,0
          metro_red_two,-97.71539,26.18428,0
          metro_red_two,-97.71542,26.18445,0
          metro_red_two,-97.71546,26.18461,0
          metro_red_two,-97.71548,26.18477,0
          metro_red_two,-97.71556,26.18688,0
          metro_red_two,-97.71561,26.18709,0
          metro_red_two,-97.71562,26.18711,0
          metro_red_two,-97.71567,26.18725,0
          metro_red_two,-97.71572,26.18735,0
          metro_red_two,-97.71578,26.18745,0
          metro_red_two,-97.71585,26.18754,0
          metro_red_two,-97.71591,26.18761,0
          metro_red_two,-97.71594,26.18765,0
          metro_red_two,-97.71598,26.18769,0
          metro_red_two,-97.71627,26.18794,0
          metro_red_two,-97.71659,26.18823,0
          metro_red_two,-97.71669,26.18834,0
          metro_red_two,-97.71679,26.18846,0
          metro_red_two,-97.71687,26.18858,0
          metro_red_two,-97.71694,26.18874,0
          metro_red_two,-97.71705,26.18909,0
          metro_red_two,-97.71668,26.18921,0
          metro_red_two,-97.7162,26.18934,0
          metro_red_two,-97.71617,26.18935,0
          metro_red_two,-97.71564,26.18946,0
          metro_red_two,-97.71496,26.18955,0
          metro_red_two,-97.71463,26.18957,0
          metro_red_two,-97.71454,26.18958,0
          metro_red_two,-97.71433,26.18958,0
          metro_red_two,-97.71428,26.18959,0
          metro_red_two,-97.71393,26.18959,0
          metro_red_two,-97.71357,26.18958,0
          metro_red_two,-97.70666,26.18959,0
          metro_red_two,-97.70542,26.18961,0
          metro_red_two,-97.70418,26.18961,0
          metro_red_two,-97.70372,26.18962,0
          metro_red_two,-97.70109,26.1896,0
          metro_red_two,-97.69541,26.18962,0
          metro_red_two,-97.69561,26.18991,0
          metro_red_two,-97.6956,26.19068,0
          metro_red_two,-97.69562,26.19224,0
          metro_red_two,-97.69561,26.19276,0
          metro_red_two,-97.69561,26.1938,0
          metro_red_two,-97.69342,26.19381,0
          metro_red_two,-97.69232,26.19383,0
          metro_red_two,-97.69233,26.19225,0
          metro_red_two,-97.69231,26.19174,0
          metro_red_two,-97.69233,26.19069,0
          metro_red_two,-97.69341,26.19067,0
          metro_red_two,-97.69677,26.19069,0
          metro_red_two,-97.6972,26.19068,0
          metro_red_two,-97.7033,26.19066,0
          metro_red_two,-97.70374,26.19065,0
          metro_red_two,-97.70517,26.19065,0
          metro_red_two,-97.70546,26.19064,0
          metro_red_two,-97.70667,26.19065,0
          metro_red_two,-97.71074,26.19064,0
          metro_red_two,-97.71131,26.19063,0
          metro_red_two,-97.71255,26.19064,0
          metro_red_two,-97.71374,26.19062,0
          metro_red_two,-97.71522,26.19062,0
          metro_red_two,-97.71546,26.1906,0
          metro_red_two,-97.71582,26.19056,0
          metro_red_two,-97.71622,26.19049,0
          metro_red_two,-97.71742,26.19014,0
          metro_red_two,-97.71767,26.19006,0
          metro_red_two,-97.71769,26.19005,0
          metro_red_two,-97.71771,26.19005,0
          metro_red_two,-97.71787,26.19,0
          metro_red_two,-97.71792,26.18999,0
          metro_red_two,-97.71819,26.18991,0
          metro_red_two,-97.71826,26.1899,0
          metro_red_two,-97.71959,26.18952,0
          metro_red_two,-97.71977,26.18946,0
          metro_red_two,-97.71978,26.18946,0
          metro_red_two,-97.72197,26.18884,0
          metro_red_two,-97.72301,26.18851,0
          metro_red_two,-97.7241,26.1882,0
          metro_red_two,-97.72413,26.18816,0
          metro_red_two,-97.72414,26.18814,0
          metro_red_two,-97.72415,26.18813,0
          metro_red_two,-97.72417,26.18812,0
          metro_red_two,-97.72425,26.18809,0
          metro_red_two,-97.72432,26.18807,0
          metro_red_two,-97.72436,26.18805,0
          metro_red_two,-97.72443,26.18802,0
          metro_red_two,-97.72451,26.18798,0
          metro_red_two,-97.72458,26.18794,0
          metro_red_two,-97.72538,26.18755,0
          metro_red_two,-97.72598,26.1873,0
          metro_red_two,-97.72619,26.18723,0
          metro_red_two,-97.72631,26.18718,0
          metro_red_two,-97.72642,26.18715,0
          metro_red_two,-97.72654,26.18711,0
          metro_red_two,-97.72666,26.18708,0
          metro_red_two,-97.72677,26.18704,0
          metro_red_two,-97.72713,26.18695,0
          metro_red_two,-97.72737,26.18691,0
          metro_red_two,-97.72754,26.18687,0
          metro_red_two,-97.72808,26.1868,0
          metro_red_two,-97.72858,26.18676,0
          metro_red_two,-97.7287,26.18676,0
          metro_red_two,-97.72891,26.18675,0
          metro_red_two,-97.72903,26.18674,0
          metro_red_two,-97.72952,26.18674,0
          metro_red_two,-97.72977,26.18669,0
          metro_red_two,-97.73137,26.18684,0
          metro_red_two,-97.73268,26.18694,0
          metro_red_two,-97.73323,26.18696,0
          metro_red_two,-97.74431,26.18697,0
          metro_red_two,-97.74745,26.18706,0
          metro_red_two,-97.75052,26.18707,0
          metro_red_two,-97.75163,26.18706,0
          metro_red_two,-97.75988,26.18707,0
          metro_red_two,-97.76056,26.18706,0
          metro_red_two,-97.76169,26.18707,0
          metro_red_two,-97.77359,26.18706,0
          metro_red_two,-97.77413,26.18703,0
          metro_red_two,-97.77461,26.18699,0
          metro_red_two,-97.77508,26.18693,0
          metro_red_two,-97.77519,26.18692,0
          metro_red_two,-97.77528,26.1869,0
          metro_red_two,-97.77542,26.18688,0
          metro_red_two,-97.77586,26.1868,0
          metro_red_two,-97.77636,26.18669,0
          metro_red_two,-97.77679,26.18658,0
          metro_red_two,-97.77773,26.18627,0
          metro_red_two,-97.77835,26.18602,0
          metro_red_two,-97.77872,26.18585,0
          metro_red_two,-97.77905,26.18568,0
          metro_red_two,-97.77938,26.18552,0
          metro_red_two,-97.78002,26.18518,0
          metro_red_two,-97.78071,26.18483,0
          metro_red_two,-97.78179,26.18426,0
          metro_red_two,-97.782,26.18416,0
          metro_red_two,-97.78506,26.18257,0
          metro_red_two,-97.78582,26.18219,0
          metro_red_two,-97.78618,26.182,0
          metro_red_two,-97.78619,26.18199,0
          metro_red_two,-97.78625,26.18197,0
          metro_red_two,-97.7873,26.18141,0
          metro_red_two,-97.80119,26.17423,0
          metro_red_two,-97.80158,26.17404,0
          metro_red_two,-97.80178,26.17393,0
          metro_red_two,-97.80206,26.1738,0
          metro_red_two,-97.80283,26.17338,0
          metro_red_two,-97.81361,26.16779,0
          metro_red_two,-97.81379,26.16769,0
          metro_red_two,-97.81533,26.1669,0
          metro_red_two,-97.81599,26.16661,0
          metro_red_two,-97.81655,26.16641,0
          metro_red_two,-97.81674,26.16635,0
          metro_red_two,-97.81687,26.1663,0
          metro_red_two,-97.81728,26.16618,0
          metro_red_two,-97.81758,26.1661,0
          metro_red_two,-97.81855,26.1659,0
          metro_red_two,-97.81902,26.16583,0
          metro_red_two,-97.81987,26.16575,0
          metro_red_two,-97.82068,26.16573,0
          metro_red_two,-97.82374,26.1657,0
          metro_red_two,-97.82402,26.16569,0
          metro_red_two,-97.8243,26.16569,0
          metro_red_two,-97.8365,26.16555,0
          metro_red_two,-97.83671,26.16554,0
          metro_red_two,-97.84155,26.16549,0
          metro_red_two,-97.84251,26.16546,0
          metro_red_two,-97.84282,26.16544,0
          metro_red_two,-97.84347,26.16538,0
          metro_red_two,-97.84411,26.16529,0
          metro_red_two,-97.84435,26.16525,0
          metro_red_two,-97.84507,26.1651,0
          metro_red_two,-97.84603,26.16485,0
          metro_red_two,-97.84649,26.1647,0
          metro_red_two,-97.84723,26.16443,0
          metro_red_two,-97.85686,26.16045,0
          metro_red_two,-97.85771,26.16016,0
          metro_red_two,-97.85821,26.16003,0
          metro_red_two,-97.85855,26.15995,0
          metro_red_two,-97.85926,26.15981,0
          metro_red_two,-97.85957,26.15976,0
          metro_red_two,-97.85985,26.15974,0
          metro_red_two,-97.86014,26.1597,0
          metro_red_two,-97.86052,26.15967,0
          metro_red_two,-97.86159,26.15964,0
          metro_red_two,-97.86217,26.15964,0
          metro_red_two,-97.87113,26.1595,0
          metro_red_two,-97.87207,26.1595,0
          metro_red_two,-97.88073,26.15936,0
          metro_red_two,-97.88084,26.15941,0
          metro_red_two,-97.88092,26.15943,0
          metro_red_two,-97.88098,26.15944,0
          metro_red_two,-97.88202,26.15946,0
          metro_red_two,-97.88327,26.15946,0
          metro_red_two,-97.88369,26.15947,0
          metro_red_two,-97.88404,26.15949,0
          metro_red_two,-97.88411,26.1595,0
          metro_red_two,-97.88415,26.1595,0
          metro_red_two,-97.88418,26.15951,0
          metro_red_two,-97.8843,26.15956,0
          metro_red_two,-97.88536,26.15954,0
          metro_red_two,-97.88598,26.15954,0
          metro_red_two,-97.88602,26.16206,0
          metro_red_two,-97.88624,26.16206,0
          metro_red_two,-97.88636,26.16205,0
          metro_red_two,-97.88643,26.16205,0
          metro_red_two,-97.88649,26.16206,0
          metro_red_two,-97.88655,26.16206,0
          metro_red_two,-97.88662,26.16207,0
          metro_red_two,-97.88708,26.16221,0
          metro_red_two,-97.88693,26.16257,0
          metro_red_two,-97.88693,26.16259,0
          metro_red_two,-97.88688,26.16274,0
          metro_red_two,-97.88687,26.16276,0
          metro_red_two,-97.88683,26.16287,0
          metro_red_two,-97.88682,26.16293,0
          metro_red_two,-97.88681,26.16296,0
          metro_red_two,-97.8868,26.16304,0
          metro_red_two,-97.8868,26.16322,0
          metro_red_two,-97.88679,26.16325,0
          metro_red_two,-97.8868,26.16322,0
          metro_red_two,-97.8868,26.16304,0
          metro_red_two,-97.88681,26.16296,0
          metro_red_two,-97.88682,26.16293,0
          metro_red_two,-97.88683,26.16287,0
          metro_red_two,-97.88687,26.16276,0
          metro_red_two,-97.88688,26.16274,0
          metro_red_two,-97.88693,26.16259,0
          metro_red_two,-97.88693,26.16257,0
          metro_red_two,-97.88704,26.16231,0
          metro_red_two,-97.88711,26.16213,0
          metro_red_two,-97.88686,26.16205,0
          metro_red_two,-97.88677,26.16201,0
          metro_red_two,-97.88669,26.16199,0
          metro_red_two,-97.88659,26.16197,0
          metro_red_two,-97.88652,26.16197,0
          metro_red_two,-97.88643,26.16196,0
          metro_red_two,-97.88602,26.16196,0
          metro_red_two,-97.88598,26.15954,0
          metro_red_two,-97.8876,26.15951,0
          metro_red_two,-97.88772,26.15945,0
          metro_red_two,-97.88775,26.15943,0
          metro_red_two,-97.88778,26.15943,0
          metro_red_two,-97.88781,26.15942,0
          metro_red_two,-97.88789,26.15942,0
          metro_red_two,-97.88822,26.15939,0
          metro_red_two,-97.8895,26.15936,0
          metro_red_two,-97.89048,26.1593,0
          metro_red_two,-97.89052,26.1593,0
          metro_red_two,-97.89059,26.15928,0
          metro_red_two,-97.89076,26.15921,0
          metro_red_two,-97.90181,26.15904,0
          metro_red_two,-97.9024,26.15902,0
          metro_red_two,-97.90371,26.1589,0
          metro_red_two,-97.90446,26.15879,0
          metro_red_two,-97.90521,26.15866,0
          metro_red_two,-97.90585,26.15851,0
          metro_red_two,-97.91125,26.15707,0
          metro_red_two,-97.91165,26.15694,0
          metro_red_two,-97.92019,26.15466,0
          metro_red_two,-97.92033,26.15463,0
          metro_red_two,-97.92149,26.15431,0
          metro_red_two,-97.92155,26.1543,0
          metro_red_two,-97.92212,26.15414,0
          metro_red_two,-97.92267,26.154,0
          metro_red_two,-97.92334,26.15381,0
          metro_red_two,-97.92538,26.15328,0
          metro_red_two,-97.93209,26.15168,0
          metro_red_two,-97.93266,26.15156,0
          metro_red_two,-97.93322,26.15147,0
          metro_red_two,-97.93415,26.15138,0
          metro_red_two,-97.93461,26.15136,0
          metro_red_two,-97.93534,26.15136,0
          metro_red_two,-97.93556,26.15137,0
          metro_red_two,-97.93578,26.15139,0
          metro_red_two,-97.93602,26.1514,0
          metro_red_two,-97.93624,26.15143,0
          metro_red_two,-97.93668,26.15147,0
          metro_red_two,-97.93728,26.15157,0
          metro_red_two,-97.9378,26.15168,0
          metro_red_two,-97.93836,26.15182,0
          metro_red_two,-97.93906,26.15204,0
          metro_red_two,-97.93945,26.15218,0
          metro_red_two,-97.93992,26.15238,0
          metro_red_two,-97.94165,26.15317,0
          metro_red_two,-97.94177,26.15323,0
          metro_red_two,-97.9461,26.15524,0
          metro_red_two,-97.94683,26.15559,0
          metro_red_two,-97.94858,26.15639,0
          metro_red_two,-97.94989,26.15701,0
          metro_red_two,-97.95032,26.1572,0
          metro_red_two,-97.95213,26.15805,0
          metro_red_two,-97.95312,26.1585,0
          metro_red_two,-97.95381,26.15883,0
          metro_red_two,-97.95436,26.15908,0
          metro_red_two,-97.95496,26.15937,0
          metro_red_two,-97.96965,26.16747,0
          metro_red_two,-97.97003,26.16767,0
          metro_red_two,-97.97497,26.17038,0
          metro_red_two,-97.97515,26.17049,0
          metro_red_two,-97.9759,26.17091,0
          metro_red_two,-97.97687,26.17141,0
          metro_red_two,-97.9776,26.17172,0
          metro_red_two,-97.97832,26.17199,0
          metro_red_two,-97.9787,26.17212,0
          metro_red_two,-97.97932,26.1723,0
          metro_red_two,-97.97973,26.1724,0
          metro_red_two,-97.98064,26.17259,0
          metro_red_two,-97.98101,26.17264,0
          metro_red_two,-97.9813,26.17269,0
          metro_red_two,-97.98205,26.17276,0
          metro_red_two,-97.98249,26.17279,0
          metro_red_two,-97.98296,26.17281,0
          metro_red_two,-97.98633,26.17288,0
          metro_red_two,-97.98673,26.17288,0
          metro_red_two,-97.99324,26.17301,0
          metro_red_two,-97.99465,26.17301,0
          metro_red_two,-97.99514,26.17299,0
          metro_red_two,-98.00615,26.17282,0
          metro_red_two,-98.00631,26.17281,0
          metro_red_two,-98.0115,26.17273,0
          metro_red_two,-98.01258,26.17273,0
          metro_red_two,-98.01386,26.17279,0
          metro_red_two,-98.01461,26.17287,0
          metro_red_two,-98.01526,26.17296,0
          metro_red_two,-98.01606,26.17311,0
          metro_red_two,-98.01666,26.17324,0
          metro_red_two,-98.01766,26.1735,0
          metro_red_two,-98.01865,26.17382,0
          metro_red_two,-98.03367,26.17894,0
          metro_red_two,-98.03396,26.17903,0
          metro_red_two,-98.03419,26.17908,0
          metro_red_two,-98.03435,26.17913,0
          metro_red_two,-98.03505,26.17928,0
          metro_red_two,-98.03541,26.17934,0
          metro_red_two,-98.0406,26.18006,0
          metro_red_two,-98.04105,26.18013,0
          metro_red_two,-98.05206,26.18167,0
          metro_red_two,-98.05241,26.18171,0
          metro_red_two,-98.05707,26.18236,0
          metro_red_two,-98.05758,26.18244,0
          metro_red_two,-98.05807,26.1825,0
          metro_red_two,-98.07832,26.18532,0
          metro_red_two,-98.09435,26.18748,0
          metro_red_two,-98.12167,26.19126,0
          metro_red_two,-98.12191,26.1913,0
          metro_red_two,-98.12201,26.19131,0
          metro_red_two,-98.13381,26.19296,0
          metro_red_two,-98.13439,26.19303,0
          metro_red_two,-98.13785,26.19351,0
          metro_red_two,-98.13787,26.19351,0
          metro_red_two,-98.14193,26.19408,0
          metro_red_two,-98.14242,26.19414,0
          metro_red_two,-98.14282,26.1942,0
          metro_red_two,-98.14372,26.19437,0
          metro_red_two,-98.14448,26.19455,0
          metro_red_two,-98.14529,26.19477,0
          metro_red_two,-98.14607,26.19503,0
          metro_red_two,-98.14695,26.19536,0
          metro_red_two,-98.14785,26.19576,0
          metro_red_two,-98.1481,26.19589,0
          metro_red_two,-98.14838,26.19602,0
          metro_red_two,-98.14941,26.1966,0
          metro_red_two,-98.15356,26.19913,0
          metro_red_two,-98.15491,26.19997,0
          metro_red_two,-98.15551,26.20033,0
          metro_red_two,-98.15658,26.201,0
          metro_red_two,-98.15777,26.20172,0
          metro_red_two,-98.15831,26.20206,0
          metro_red_two,-98.15965,26.20287,0
          metro_red_two,-98.16037,26.20326,0
          metro_red_two,-98.16051,26.20333,0
          metro_red_two,-98.16106,26.20357,0
          metro_red_two,-98.16197,26.2039,0
          metro_red_two,-98.16247,26.20405,0
          metro_red_two,-98.16315,26.20422,0
          metro_red_two,-98.16352,26.2043,0
          metro_red_two,-98.16479,26.2045,0
          metro_red_two,-98.16598,26.20465,0
          metro_red_two,-98.18116,26.20673,0
          metro_red_two,-98.18173,26.2068,0
          metro_red_two,-98.18247,26.20691,0
          metro_red_two,-98.18719,26.20755,0
          metro_red_two,-98.18737,26.20756,0
          metro_red_two,-98.18784,26.2076,0
          metro_red_two,-98.18823,26.20761,0
          metro_red_two,-98.1885,26.20761,0
          metro_red_two,-98.18888,26.2076,0
          metro_red_two,-98.18917,26.2076,0
          metro_red_two,-98.18991,26.20753,0
          metro_red_two,-98.19036,26.20747,0
          metro_red_two,-98.19108,26.20735,0
          metro_red_two,-98.19135,26.20729,0
          metro_red_two,-98.19178,26.20718,0
          metro_red_two,-98.19237,26.20701,0
          metro_red_two,-98.19277,26.20688,0
          metro_red_two,-98.19307,26.20677,0
          metro_red_two,-98.19366,26.20653,0
          metro_red_two,-98.19415,26.20629,0
          metro_red_two,-98.19424,26.20625,0
          metro_red_two,-98.19504,26.20581,0
          metro_red_two,-98.19545,26.20554,0
          metro_red_two,-98.1956,26.20545,0
          metro_red_two,-98.19584,26.20528,0
          metro_red_two,-98.19661,26.20466,0
          metro_red_two,-98.19712,26.20419,0
          metro_red_two,-98.19783,26.2035,0
          metro_red_two,-98.19859,26.2028,0
          metro_red_two,-98.20011,26.20134,0
          metro_red_two,-98.20133,26.2002,0
          metro_red_two,-98.20156,26.19997,0
          metro_red_two,-98.20463,26.19706,0
          metro_red_two,-98.20494,26.19678,0
          metro_red_two,-98.21034,26.19162,0
          metro_red_two,-98.21053,26.19142,0
          metro_red_two,-98.2113,26.19072,0
          metro_red_two,-98.21147,26.19055,0
          metro_red_two,-98.21171,26.19034,0
          metro_red_two,-98.21192,26.19017,0
          metro_red_two,-98.21253,26.1897,0
          metro_red_two,-98.21305,26.18934,0
          metro_red_two,-98.21382,26.18888,0
          metro_red_two,-98.21408,26.18874,0
          metro_red_two,-98.21476,26.18843,0
          metro_red_two,-98.21498,26.18835,0
          metro_red_two,-98.21561,26.18814,0
          metro_red_two,-98.2163,26.18798,0
          metro_red_two,-98.21678,26.18789,0
          metro_red_two,-98.2172,26.18784,0
          metro_red_two,-98.21761,26.18781,0
          metro_red_two,-98.21788,26.1878,0
          metro_red_two,-98.21856,26.1878,0
          metro_red_two,-98.21897,26.18781,0
          metro_red_two,-98.21999,26.18787,0
          metro_red_two,-98.22063,26.18795,0
          metro_red_two,-98.22384,26.18842,0
          metro_red_two,-98.23205,26.18955,0
          metro_red_two,-98.23215,26.18956,0
          metro_red_two,-98.23227,26.18958,0
          metro_red_two,-98.23237,26.18959,0
          metro_red_two,-98.23268,26.18964,0
          metro_red_two,-98.23291,26.18975,0
          metro_red_two,-98.23299,26.18977,0
          metro_red_two,-98.23439,26.19004,0
          metro_red_two,-98.23556,26.19025,0
          metro_red_two,-98.23568,26.19029,0
          metro_red_two,-98.23676,26.19043,0
          metro_red_two,-98.23926,26.1908,0
          metro_red_two,-98.23977,26.1909,0
          metro_red_two,-98.2404,26.19106,0
          metro_red_two,-98.24107,26.19127,0
          metro_red_two,-98.24101,26.19179,0
          metro_red_two,-98.24096,26.19212,0
          metro_red_two,-98.24082,26.19285,0
          metro_red_two,-98.24064,26.19388,0
          metro_red_two,-98.24061,26.19439,0
          metro_red_two,-98.24057,26.19457,0
          metro_red_two,-98.24044,26.19531,0
          metro_red_two,-98.24037,26.19561,0
          metro_red_two,-98.23943,26.2011,0
          metro_red_two,-98.23928,26.20204,0
          metro_red_two,-98.23877,26.205,0
          metro_red_two,-98.23863,26.205,0
          metro_red_two,-98.2355,26.20443,0
          metro_red_two,-98.23559,26.20391,0